+---------------+--------------+---------------------+-----------+
| ID            | Rank (587)   | Percentile          | Av Plus   |
|---------------+--------------+---------------------+-----------|
| 2022A7PS0001P | 128          | 78.53492333901193   | +28.66    |
| 2022A7PS0003P | 22           | 96.42248722316864   | +56.16    |
| 2022A7PS0004P | 106          | 82.28279386712096   | +34.86    |
| 2022A7PS0005P | 450          | 23.679727427597953  | -25.54    |
| 2022A7PS0006P | 204          | 65.58773424190801   | +18.76    |
| 2022A7PS0007P | 516          | 12.265758091993185  | -42.24    |
| 2022A7PS0008P | 184          | 68.82453151618398   | +21.16    |
| 2022A7PS0009P | 128          | 78.53492333901193   | +28.66    |
| 2022A7PS0010P | 15           | 97.61499148211243   | +60.26    |
| 2022A7PS0011P | 410          | 30.49403747870528   | -17.54    |
| 2022A7PS0012P | 244          | 58.603066439523     | +12.06    |
| 2022A7PS0013P | 158          | 73.25383304940374   | +25.36    |
| 2022A7PS0014P | 150          | 74.78705281090289   | +26.06    |
| 2022A4PS0015P | 282          | 52.29982964224872   | +6.66     |
| 2022A7PS0016P | 18           | 97.10391822827938   | +58.06    |
| 2022A7PS0017P | 353          | 40.03407155025553   | -6.84     |
| 2022AAPS0019P | 355          | 39.69335604770017   | -7.44     |
| 2022A8PS0020P | 472          | 19.761499148211243  | -30.14    |
| 2022AAPS0021P | 361          | 38.67120954003407   | -8.34     |
| 2022A3PS0022P | 472          | 19.761499148211243  | -30.14    |
| 2022A3PS0023P | 56           | 90.63032367972743   | +45.56    |
| 2022AAPS0025P | 122          | 79.38671209540034   | +29.66    |
| 2022A4PS0026P | 342          | 42.078364565587734  | -4.84     |
| 2022A3PS0027P | 20           | 96.76320272572401   | +57.16    |
| 2022AAPS0028P | 442          | 24.87223168654174   | -24.04    |
| 2022A7PS0031P | 383          | 35.09369676320272   | -11.44    |
| 2022A7PS0033P | 376          | 36.11584327086882   | -10.54    |
| 2022A3PS0034P | 480          | 18.398637137989777  | -31.24    |
| 2022A7PS0035P | 201          | 66.09880749574106   | +18.86    |
| 2022A7PS0036P | 6            | 99.14821124361158   | +67.66    |
| 2022A7PS0037P | 282          | 52.29982964224872   | +6.66     |
| 2022A7PS0038P | 423          | 28.109028960817717  | -20.24    |
| 2022A7PS0041P | 402          | 31.686541737649062  | -14.64    |
| 2022A7PS0042P | 98           | 83.47529812606473   | +36.06    |
| 2022A7PS0044P | 537          | 8.68824531516184    | -48.94    |
| 2022A7PS0045P | 19           | 96.9335604770017    | +57.66    |
| 2022A7PS0047P | 199          | 66.26916524701873   | +19.36    |
| 2022A7PS0049P | 108          | 81.7717206132879    | +34.66    |
| 2022A7PS0051P | 571          | 2.8960817717206133  | -89.64    |
| 2022A7PS0052P | 493          | 16.1839863713799    | -33.44    |
| 2022A7PS0053P | 463          | 21.29471890971039   | -27.74    |
| 2022A7PS0054P | 295          | 49.914821124361154  | +4.16     |
| 2022A7PS0055P | 2            | 99.82964224872231   | +71.06    |
| 2022A7PS0056P | 17           | 97.27427597955706   | +59.06    |
| 2022A7PS0057P | 488          | 17.035775127768314  | -32.54    |
| 2022A7PS0058P | 495          | 15.843270868824531  | -33.84    |
| 2022A7PS0063P | 584          | 0.6814310051107325  | -118.84   |
| 2022A7PS0065P | 110          | 81.43100511073254   | +33.86    |
| 2022A7PS0067P | 529          | 10.051107325383304  | -44.84    |
| 2022A7PS0068P | 354          | 39.863713798977855  | -7.24     |
| 2022A7PS0069P | 446          | 24.190800681431003  | -24.44    |
| 2022A7PS0070P | 68           | 88.75638841567292   | +42.56    |
| 2022A7PS0073P | 560          | 4.770017035775128   | -69.64    |
| 2022A7PS0074P | 144          | 75.63884156729131   | +26.46    |
| 2022A7PS0075P | 310          | 47.35945485519591   | +1.86     |
| 2022A7PS0076P | 302          | 48.89267461669506   | +2.76     |
| 2022A7PS0077P | 586          | 0.34071550255536626 | -119.84   |
| 2022A7PS0078P | 188          | 68.14310051107326   | +20.66    |
| 2022A7PS0079P | 422          | 28.2793867120954    | -20.04    |
| 2022A7PS0080P | 10           | 98.46678023850085   | +64.36    |
| 2022A7PS0081P | 266          | 55.02555366269165   | +9.06     |
| 2022A7PS0082P | 262          | 55.70698466780238   | +9.46     |
| 2022A7PS0083P | 296          | 49.74446337308348   | +3.86     |
| 2022A7PS0084P | 62           | 89.60817717206133   | +44.16    |
| 2022A7PS0085P | 467          | 20.78364565587734   | -28.34    |
| 2022A7PS0086P | 356          | 39.522998296422486  | -7.54     |
| 2022A7PS0087P | 85           | 85.68994889267461   | +38.66    |
| 2022A7PS0088P | 156          | 73.59454855195911   | +25.56    |
| 2022A7PS0089P | 344          | 41.737649063032364  | -5.14     |
| 2022A7PS0091P | 192          | 67.6320272572402    | +20.26    |
| 2022A7PS0092P | 587          | 0.17035775127768313 | -121.84   |
| 2022A7PS0093P | 24           | 96.08177172061329   | +55.86    |
| 2022A7PS0094P | 31           | 94.8892674616695    | +53.16    |
| 2022A7PS0096P | 46           | 92.33390119250426   | +47.06    |
| 2022A7PS0097P | 78           | 87.05281090289608   | +41.26    |
| 2022A7PS0098P | 208          | 64.7359454855196    | +18.26    |
| 2022A7PS0100P | 300          | 49.23339011925042   | +2.86     |
| 2022A7PS0102P | 252          | 57.41056218057921   | +11.06    |
| 2022A7PS0103P | 124          | 79.21635434412265   | +29.36    |
| 2022A7PS0105P | 507          | 13.798977853492334  | -37.14    |
| 2022A7PS0106P | 544          | 7.4957410562180575  | -53.74    |
| 2022A7PS0107P | 302          | 48.89267461669506   | +2.76     |
| 2022A7PS0109P | 506          | 13.969335604770016  | -36.94    |
| 2022A7PS0110P | 288          | 51.10732538330494   | +5.56     |
| 2022A7PS0111P | 372          | 36.96763202725724   | -9.94     |
| 2022A7PS0113P | 55           | 90.8006814310051    | +45.66    |
| 2022A7PS0114P | 375          | 36.28620102214651   | -10.44    |
| 2022A7PS0115P | 154          | 73.93526405451448   | +25.66    |
| 2022A7PS0116P | 563          | 4.258943781942079   | -73.74    |
| 2022A7PS0118P | 234          | 60.30664395229983   | +13.86    |
| 2022A7PS0119P | 11           | 98.29642248722317   | +64.16    |
| 2022A7PS0120P | 424          | 27.938671209540033  | -20.94    |
| 2022A7PS0121P | 308          | 47.87052810902896   | +2.06     |
| 2022A7PS0123P | 26           | 95.74105621805792   | +54.86    |
| 2022A7PS0124P | 186          | 68.48381601362861   | +20.86    |
| 2022A7PS0125P | 204          | 65.58773424190801   | +18.76    |
| 2022A7PS0126P | 240          | 59.28449744463373   | +12.96    |
| 2022A7PS0128P | 150          | 74.78705281090289   | +26.06    |
| 2022A7PS0130P | 515          | 12.43611584327087   | -41.94    |
| 2022A7PS0131P | 452          | 23.168654173764907  | -26.24    |
| 2022A7PS0132P | 370          | 37.13798977853492   | -9.84     |
| 2022A7PS0133P | 64           | 89.26746166950596   | +43.56    |
| 2022A7PS0134P | 30           | 95.05962521294718   | +53.76    |
| 2022A7PS0135P | 317          | 46.16695059625213   | +0.06     |
| 2022A7PS0136P | 396          | 32.70868824531516   | -13.94    |
| 2022A7PS0137P | 168          | 71.55025553662692   | +23.06    |
| 2022A7PS0138P | 206          | 65.07666098807495   | +18.66    |
| 2022A7PS0140P | 16           | 97.44463373083475   | +60.06    |
| 2022A7PS0141P | 104          | 82.45315161839864   | +35.16    |
| 2022A7PS0142P | 189          | 67.97274275979557   | +20.56    |
| 2022A7PS0143P | 372          | 36.96763202725724   | -9.94     |
| 2022A7PS0144P | 82           | 86.20102214650767   | +39.96    |
| 2022A7PS0145P | 52           | 91.31175468483816   | +46.06    |
| 2022A7PS0146P | 494          | 16.013628620102214  | -33.74    |
| 2022A7PS0147P | 137          | 77.00170357751277   | +27.16    |
| 2022A7PS0148P | 351          | 40.3747870528109    | -6.54     |
| 2022A7PS0150P | 146          | 75.29812606473594   | +26.36    |
| 2022A7PS0152P | 373          | 36.62691652470187   | -10.04    |
| 2022A7PS0153P | 42           | 93.01533219761498   | +48.36    |
| 2022A7PS0154P | 228          | 61.32879045996592   | +14.86    |
| 2022A7PS0155P | 544          | 7.4957410562180575  | -53.74    |
| 2022A7PS0156P | 425          | 27.76831345826235   | -21.24    |
| 2022A7PS0157P | 383          | 35.09369676320272   | -11.44    |
| 2022A7PS0158P | 346          | 41.22657580919932   | -5.54     |
| 2022A7PS0159P | 184          | 68.82453151618398   | +21.16    |
| 2022A7PS0160P | 2            | 99.82964224872231   | +71.06    |
| 2022A7PS0164P | 5            | 99.31856899488926   | +68.66    |
| 2022A7PS0165P | 94           | 84.15672913117547   | +36.66    |
| 2022A7PS0166P | 140          | 76.32027257240205   | +26.86    |
| 2022A7PS0168P | 160          | 73.08347529812606   | +25.06    |
| 2022A7PS0169P | 270          | 54.173764906303234  | +8.46     |
| 2022A7PS0170P | 408          | 30.66439522998296   | -17.24    |
| 2022A7PS0171P | 433          | 26.405451448040886  | -22.04    |
| 2022A7PS0172P | 12           | 98.12606473594548   | +63.16    |
| 2022A7PS0173P | 63           | 89.43781942078364   | +43.86    |
| 2022A7PS0174P | 96           | 83.8160136286201    | +36.56    |
| 2022A7PS0175P | 258          | 56.38841567291311   | +10.16    |
| 2022A7PS0177P | 264          | 55.195911413969334  | +9.26     |
| 2022A7PS0178P | 14           | 97.78534923339012   | +60.36    |
| 2022A7PS0180P | 75           | 87.39352640545144   | +42.06    |
| 2022A7PS0182P | 330          | 43.95229982964225   | -2.84     |
| 2022A7PS0183P | 462          | 21.465076660988075  | -27.64    |
| 2022A7PS0184P | 360          | 39.01192504258944   | -8.14     |
| 2022A7PS0185P | 570          | 3.066439522998296   | -85.84    |
| 2022A7PS0187P | 9            | 98.63713798977854   | +64.56    |
| 2022A7PS0189P | 553          | 5.9625212947189095  | -58.64    |
| 2022A7PS0190P | 390          | 33.901192504258944  | -12.24    |
| 2022AAPS0194P | 419          | 28.79045996592845   | -19.24    |
| 2022A7PS0195P | 538          | 8.517887563884157   | -49.54    |
| 2022AAPS0198P | 43           | 92.8449744463373    | +48.06    |
| 2022AAPS0203P | 239          | 59.45485519591141   | +13.06    |
| 2022AAPS0204P | 25           | 95.9114139693356    | +55.06    |
| 2022AAPS0207P | 238          | 59.6252129471891    | +13.16    |
| 2022A3PS0209P | 333          | 43.441226575809196  | -3.54     |
| 2022AAPS0210P | 84           | 85.8603066439523    | +39.06    |
| 2022AAPS0211P | 290          | 50.76660988074957   | +4.96     |
| 2022AAPS0214P | 66           | 88.9267461669506    | +42.86    |
| 2022AAPS0215P | 195          | 66.95059625212947   | +19.96    |
| 2022AAPS0216P | 106          | 82.28279386712096   | +34.86    |
| 2022AAPS0217P | 293          | 50.25553662691652   | +4.36     |
| 2022AAPS0218P | 58           | 90.28960817717206   | +45.16    |
| 2022AAPS0219P | 311          | 47.18909710391823   | +1.66     |
| 2022A3PS0221P | 35           | 94.37819420783646   | +50.16    |
| 2022AAPS0222P | 319          | 45.82623509369676   | -0.14     |
| 2022A4PS0223P | 528          | 10.39182282793867   | -44.64    |
| 2022AAPS0226P | 178          | 69.84667802385009   | +22.26    |
| 2022AAPS0230P | 581          | 1.192504258943782   | -112.34   |
| 2022AAPS0231P | 204          | 65.58773424190801   | +18.76    |
| 2022AAPS0232P | 253          | 57.06984667802385   | +10.96    |
| 2022AAPS0234P | 236          | 60.136286201022145  | +13.66    |
| 2022AAPS0235P | 567          | 3.5775127768313455  | -80.34    |
| 2022AAPS0240P | 391          | 33.560477001703575  | -12.54    |
| 2022AAPS0241P | 103          | 82.62350936967631   | +35.46    |
| 2022AAPS0243P | 162          | 72.74275979557069   | +24.56    |
| 2022AAPS0244P | 118          | 80.06814310051107   | +31.66    |
| 2022AAPS0247P | 131          | 77.85349233390119   | +28.06    |
| 2022AAPS0248P | 124          | 79.21635434412265   | +29.36    |
| 2022AAPS0249P | 268          | 54.5144804088586    | +8.76     |
| 2022AAPS0250P | 501          | 14.991482112436115  | -36.04    |
| 2022AAPS0251P | 152          | 74.44633730834752   | +25.86    |
| 2022AAPS0252P | 454          | 22.82793867120954   | -26.64    |
| 2022AAPS0253P | 8            | 98.80749574105621   | +64.66    |
| 2022A4PS0254P | 522          | 11.243611584327086  | -43.44    |
| 2022AAPS0255P | 556          | 5.45144804088586    | -65.24    |
| 2022AAPS0256P | 72           | 88.24531516183986   | +42.36    |
| 2022AAPS0257P | 486          | 17.37649063032368   | -32.34    |
| 2022AAPS0258P | 218          | 63.032367972742755  | +16.36    |
| 2022A3PS0260P | 81           | 86.37137989778535   | +40.36    |
| 2022AAPS0264P | 176          | 70.35775127768314   | +22.36    |
| 2022A3PS0265P | 302          | 48.89267461669506   | +2.76     |
| 2022AAPS0268P | 198          | 66.43952299829643   | +19.56    |
| 2022A3PS0282P | 520          | 11.754684838160136  | -43.04    |
| 2022AAPS0292P | 221          | 62.86201022146508   | +16.06    |
| 2022AAPS0300P | 364          | 38.3304940374787    | -8.64     |
| 2022AAPS0305P | 260          | 55.877342419080065  | +9.66     |
| 2022AAPS0311P | 39           | 93.52640545144804   | +49.66    |
| 2022AAPS0313P | 248          | 57.921635434412266  | +11.26    |
| 2022AAPS0314P | 153          | 74.10562180579215   | +25.76    |
| 2022AAPS0321P | 549          | 6.643952299829642   | -55.64    |
| 2022AAPS0322P | 479          | 18.56899488926746   | -30.94    |
| 2022AAPS0323P | 33           | 94.54855195911414   | +51.86    |
| 2022AAPS0326P | 221          | 62.86201022146508   | +16.06    |
| 2022A3PS0327P | 279          | 52.81090289608177   | +6.76     |
| 2022A3PS0329P | 112          | 81.09028960817717   | +33.66    |
| 2022AAPS0331P | 78           | 87.05281090289608   | +41.26    |
| 2022AAPS0339P | 181          | 69.33560477001703   | +21.66    |
| 2022AAPS0344P | 236          | 60.136286201022145  | +13.66    |
| 2022AAPS0347P | 172          | 70.86882453151618   | +22.66    |
| 2022A4PS0355P | 246          | 58.26235093696763   | +11.96    |
| 2022A3PS0357P | 258          | 56.38841567291311   | +10.16    |
| 2022AAPS0358P | 94           | 84.15672913117547   | +36.66    |
| 2022AAPS0360P | 428          | 27.427597955706982  | -21.64    |
| 2022AAPS0363P | 38           | 93.69676320272572   | +49.76    |
| 2022A3PS0364P | 126          | 78.7052810902896    | +28.96    |
| 2022AAPS0366P | 224          | 62.01022146507666   | +15.66    |
| 2022AAPS0369P | 497          | 15.502555366269165  | -34.54    |
| 2022A4PS0372P | 92           | 84.49744463373084   | +36.86    |
| 2022A3PS0375P | 388          | 34.07155025553663   | -12.14    |
| 2022A3PS0376P | 436          | 25.894378194207835  | -22.54    |
| 2022A3PS0377P | 501          | 14.991482112436115  | -36.04    |
| 2022A3PS0378P | 525          | 10.732538330494037  | -43.74    |
| 2022A3PS0380P | 470          | 20.272572402044293  | -28.44    |
| 2022A3PS0381P | 533          | 9.369676320272571   | -46.24    |
| 2022A3PS0384P | 115          | 80.57921635434413   | +33.46    |
| 2022A3PS0387P | 291          | 50.59625212947189   | +4.86     |
| 2022A3PS0389P | 401          | 31.856899488926746  | -14.54    |
| 2022A3PS0392P | 133          | 77.51277683134582   | +27.56    |
| 2022A3PS0394P | 357          | 39.3526405451448    | -7.64     |
| 2022A8PS0397P | 79           | 86.71209540034071   | +40.86    |
| 2022A3PS0399P | 474          | 19.420783645655877  | -30.24    |
| 2022A3PS0402P | 444          | 24.53151618398637   | -24.14    |
| 2022A4PS0403P | 475          | 19.250425894378193  | -30.44    |
| 2022A3PS0405P | 482          | 18.05792163543441   | -31.74    |
| 2022A3PS0406P | 457          | 22.31686541737649   | -27.04    |
| 2022A8PS0408P | 119          | 79.89778534923339   | +31.06    |
| 2022A3PS0410P | 403          | 31.516183986371377  | -14.74    |
| 2022A3PS0412P | 327          | 44.4633730834753    | -2.54     |
| 2022A3PS0418P | 72           | 88.24531516183986   | +42.36    |
| 2022A3PS0419P | 20           | 96.76320272572401   | +57.16    |
| 2022A3PS0420P | 286          | 51.4480408858603    | +6.06     |
| 2022A4PS0422P | 386          | 34.582623509369675  | -11.64    |
| 2022A8PS0424P | 511          | 13.1175468483816    | -39.74    |
| 2022A3PS0425P | 106          | 82.28279386712096   | +34.86    |
| 2022A3PS0427P | 248          | 57.921635434412266  | +11.26    |
| 2022A3PS0429P | 109          | 81.60136286201022   | +34.36    |
| 2022A3PS0430P | 135          | 77.17206132879046   | +27.36    |
| 2022A3PS0431P | 348          | 40.88586030664395   | -5.84     |
| 2022A3PS0437P | 172          | 70.86882453151618   | +22.66    |
| 2022A3PS0441P | 314          | 46.678023850085175  | +0.96     |
| 2022A3PS0444P | 573          | 2.555366269165247   | -96.04    |
| 2022A3PS0445P | 415          | 29.642248722316864  | -18.64    |
| 2022A3PS0447P | 476          | 19.08006814310051   | -30.54    |
| 2022A3PS0448P | 148          | 74.95741056218057   | +26.16    |
| 2022A4PS0449P | 88           | 85.34923339011925   | +37.86    |
| 2022A3PS0450P | 182          | 69.16524701873935   | +21.56    |
| 2022A3PS0451P | 29           | 95.22998296422487   | +53.86    |
| 2022A3PS0454P | 174          | 70.52810902896081   | +22.46    |
| 2022A3PS0455P | 35           | 94.37819420783646   | +50.16    |
| 2022A3PS0456P | 152          | 74.44633730834752   | +25.86    |
| 2022A3PS0457P | 300          | 49.23339011925042   | +2.86     |
| 2022A3PS0458P | 117          | 80.23850085178876   | +32.16    |
| 2022A8PS0462P | 35           | 94.37819420783646   | +50.16    |
| 2022A3PS0465P | 328          | 44.29301533219761   | -2.74     |
| 2022A4PS0466P | 23           | 96.25212947189097   | +56.06    |
| 2022A3PS0467P | 546          | 7.155025553662691   | -54.34    |
| 2022A3PS0473P | 298          | 49.40374787052811   | +2.96     |
| 2022A3PS0476P | 420          | 28.620102214650764  | -19.34    |
| 2022A3PS0478P | 76           | 87.22316865417376   | +41.66    |
| 2022A3PS0479P | 480          | 18.398637137989777  | -31.24    |
| 2022A8PS0481P | 456          | 22.48722316865417   | -26.94    |
| 2022A3PS0483P | 250          | 57.5809199318569    | +11.16    |
| 2022A3PS0484P | 360          | 39.01192504258944   | -8.14     |
| 2022A4PS0485P | 460          | 21.80579216354344   | -27.34    |
| 2022A4PS0490P | 167          | 71.7206132879046    | +23.16    |
| 2022A3PS0492P | 7            | 98.97785349233389   | +65.76    |
| 2022A3PS0493P | 45           | 92.50425894378193   | +47.66    |
| 2022A3PS0498P | 99           | 83.30494037478705   | +35.76    |
| 2022A3PS0500P | 471          | 19.931856899488928  | -29.74    |
| 2022A4PS0502P | 227          | 61.49914821124361   | +14.96    |
| 2022A3PS0503P | 555          | 5.621805792163543   | -63.84    |
| 2022A3PS0504P | 274          | 53.4923339011925    | +8.06     |
| 2022A3PS0507P | 536          | 8.858603066439523   | -47.14    |
| 2022A3PS0508P | 336          | 43.100511073253834  | -4.04     |
| 2022A3PS0510P | 524          | 10.90289608177172   | -43.54    |
| 2022A8PS0511P | 584          | 0.6814310051107325  | -118.84   |
| 2022A8PS0515P | 176          | 70.35775127768314   | +22.36    |
| 2022A3PS0523P | 142          | 76.14991482112436   | +26.76    |
| 2022A3PS0526P | 262          | 55.70698466780238   | +9.46     |
| 2022A3PS0528P | 226          | 61.83986371379898   | +15.16    |
| 2022A1PS0530P | 453          | 22.998296422487222  | -26.44    |
| 2022A3PS0538P | 517          | 12.095400340715502  | -42.44    |
| 2022A8PS0539P | 306          | 48.040885860306645  | +2.26     |
| 2022A8PS0540P | 60           | 89.94889267461669   | +45.06    |
| 2022A4PS0543P | 194          | 67.29131175468484   | +20.06    |
| 2022A4PS0545P | 513          | 12.776831345826235  | -40.94    |
| 2022A4PS0546P | 392          | 33.39011925042589   | -12.64    |
| 2022A4PS0556P | 4            | 99.48892674616695   | +70.66    |
| 2022A4PS0558P | 186          | 68.48381601362861   | +20.86    |
| 2022A8PS0561P | 48           | 91.99318568994889   | +46.66    |
| 2022A8PS0564P | 243          | 58.77342419080068   | +12.26    |
| 2022A8PS0566P | 226          | 61.83986371379898   | +15.16    |
| 2022A8PS0567P | 230          | 60.98807495741056   | +14.66    |
| 2022A8PS0570P | 284          | 51.78875638841567   | +6.46     |
| 2022A8PS0572P | 451          | 23.339011925042588  | -25.74    |
| 2022A4PS0578P | 69           | 88.41567291311755   | +42.46    |
| 2022A8PS0583P | 194          | 67.29131175468484   | +20.06    |
| 2022A8PS0586P | 369          | 37.30834752981261   | -9.24     |
| 2022A8PS0587P | 72           | 88.24531516183986   | +42.36    |
| 2022A1PS0589P | 97           | 83.64565587734242   | +36.16    |
| 2022A8PS0590P | 447          | 24.020442930153322  | -24.74    |
| 2022A8PS0591P | 211          | 64.39522998296422   | +17.86    |
| 2022A1PS0593P | 285          | 51.618398637137986  | +6.16     |
| 2022A8PS0595P | 526          | 10.562180579216355  | -43.94    |
| 2022A4PS0599P | 378          | 35.94548551959114   | -10.74    |
| 2022A4PS0610P | 564          | 4.088586030664395   | -76.44    |
| 2022A8PS0611P | 83           | 86.03066439522998   | +39.66    |
| 2022A4PS0615P | 417          | 29.131175468483814  | -18.74    |
| 2022A8PS0619P | 273          | 53.66269165247019   | +8.16     |
| 2022A8PS0620P | 231          | 60.817717206132876  | +14.56    |
| 2022A8PS0622P | 418          | 28.960817717206133  | -18.84    |
| 2022A4PS0624P | 197          | 66.6098807495741    | +19.76    |
| 2022A4PS0626P | 421          | 28.449744463373083  | -19.44    |
| 2022A4PS0634P | 509          | 13.458262350936968  | -37.54    |
| 2022A4PS0640P | 287          | 51.277683134582624  | +5.96     |
| 2022A1PS0643P | 214          | 63.71379897785349   | +17.36    |
| 2022A4PS0649P | 65           | 89.09710391822827   | +43.16    |
| 2022A4PS0651P | 176          | 70.35775127768314   | +22.36    |
| 2022A4PS0660P | 277          | 52.981260647359456  | +7.56     |
| 2022A1PS0661P | 559          | 4.940374787052811   | -67.24    |
| 2022A4PS0669P | 211          | 64.39522998296422   | +17.86    |
| 2022A4PS0673P | 320          | 45.65587734241908   | -0.54     |
| 2022A4PS0675P | 144          | 75.63884156729131   | +26.46    |
| 2022A4PS0676P | 217          | 63.20272572402044   | +16.76    |
| 2022A4PS0680P | 216          | 63.373083475298124  | +17.26    |
| 2022A4PS0684P | 436          | 25.894378194207835  | -22.54    |
| 2022A4PS0689P | 228          | 61.32879045996592   | +14.86    |
| 2022A4PS0694P | 254          | 56.899488926746166  | +10.56    |
| 2022A4PS0697P | 28           | 95.40034071550255   | +53.96    |
| 2022A4PS0702P | 465          | 20.954003407155025  | -28.14    |
| 2022A4PS0703P | 211          | 64.39522998296422   | +17.86    |
| 2022A4PS0708P | 415          | 29.642248722316864  | -18.64    |
| 2022A1PS0714P | 244          | 58.603066439523     | +12.06    |
| 2022A4PS0716P | 442          | 24.87223168654174   | -24.04    |
| 2022A4PS0719P | 342          | 42.078364565587734  | -4.84     |
| 2022A4PS0723P | 464          | 21.12436115843271   | -28.04    |
| 2022A4PS0725P | 550          | 6.473594548551959   | -55.94    |
| 2022A4PS0738P | 441          | 25.04258943781942   | -23.94    |
| 2022A1PS0742P | 331          | 43.781942078364565  | -3.24     |
| 2022A4PS0747P | 221          | 62.86201022146508   | +16.06    |
| 2022A4PS0748P | 268          | 54.5144804088586    | +8.76     |
| 2022A4PS0749P | 482          | 18.05792163543441   | -31.74    |
| 2022A4PS0781P | 74           | 87.56388415672913   | +42.16    |
| 2022A4PS0782P | 114          | 80.7495741056218    | +33.56    |
| 2022A1PS0784P | 470          | 20.272572402044293  | -28.44    |
| 2022A4PS0792P | 266          | 55.02555366269165   | +9.06     |
| 2022A4PS0795P | 542          | 7.836456558773424   | -53.44    |
| 2022A4PS0798P | 270          | 54.173764906303234  | +8.46     |
| 2022A4PS0806P | 314          | 46.678023850085175  | +0.96     |
| 2022A4PS0808P | 316          | 46.33730834752981   | +0.56     |
| 2022A1PS0820P | 309          | 47.52981260647359   | +1.96     |
| 2022A1PS0824P | 400          | 32.19761499148211   | -14.44    |
| 2022A4PS0827P | 292          | 50.42589437819421   | +4.56     |
| 2022A4PS0831P | 252          | 57.41056218057921   | +11.06    |
| 2022A1PS0832P | 432          | 26.575809199318567  | -21.94    |
| 2022A1PS0841P | 279          | 52.81090289608177   | +6.76     |
| 2022A4PS0843P | 160          | 73.08347529812606   | +25.06    |
| 2022A4PS0855P | 450          | 23.679727427597953  | -25.54    |
| 2022A4PS0868P | 164          | 72.23168654173764   | +23.96    |
| 2022A4PS0871P | 558          | 5.110732538330494   | -66.64    |
| 2022A1PS0883P | 374          | 36.45655877342419   | -10.24    |
| 2022A4PS0895P | 366          | 37.98977853492334   | -8.94     |
| 2022A4PS0896P | 518          | 11.925042589437819  | -42.54    |
| 2022A4PS0897P | 120          | 79.72742759795571   | +30.86    |
| 2022A4PS0899P | 170          | 71.37989778534923   | +22.86    |
| 2022A1PS0900P | 426          | 27.597955706984667  | -21.54    |
| 2022A4PS0902P | 404          | 31.345826235093696  | -15.94    |
| 2022A1PS0903P | 325          | 44.804088586030666  | -2.04     |
| 2022A4PS0911P | 279          | 52.81090289608177   | +6.76     |
| 2022A4PS0915P | 428          | 27.427597955706982  | -21.64    |
| 2022A4PS0919P | 100          | 83.13458262350936   | +35.66    |
| 2022A4PS0921P | 206          | 65.07666098807495   | +18.66    |
| 2022A4PS0924P | 132          | 77.68313458262351   | +27.86    |
| 2022A4PS0926P | 256          | 56.72913117546848   | +10.26    |
| 2022A4PS0938P | 460          | 21.80579216354344   | -27.34    |
| 2022A4PS0941P | 146          | 75.29812606473594   | +26.36    |
| 2022A4PS0942P | 492          | 16.35434412265758   | -33.24    |
| 2022A4PS0945P | 578          | 1.7035775127768313  | -105.84   |
| 2022A1PS0946P | 520          | 11.754684838160136  | -43.04    |
| 2022A4PS0947P | 102          | 82.96422487223168   | +35.56    |
| 2022A1PS0948P | 289          | 50.936967632027255  | +5.26     |
| 2022A4PS0953P | 530          | 9.880749574105621   | -45.74    |
| 2022A4PS0955P | 496          | 15.672913117546848  | -34.44    |
| 2022A4PS0957P | 503          | 14.480408858603067  | -36.44    |
| 2022A1PS0959P | 334          | 43.27086882453151   | -3.64     |
| 2022A4PS0962P | 398          | 32.3679727427598    | -14.24    |
| 2022A4PS0965P | 338          | 42.759795570698465  | -4.14     |
| 2022A4PS0969P | 378          | 35.94548551959114   | -10.74    |
| 2022A4PS0973P | 367          | 37.64906303236797   | -9.04     |
| 2022A4PS0975P | 522          | 11.243611584327086  | -43.44    |
| 2022A1PS0982P | 477          | 18.909710391822827  | -30.64    |
| 2022A1PS0984P | 445          | 24.361158432708688  | -24.24    |
| 2022A1PS0992P | 256          | 56.72913117546848   | +10.26    |
| 2022A1PS1001P | 431          | 26.74616695059625   | -21.84    |
| 2022A1PS1022P | 328          | 44.29301533219761   | -2.74     |
| 2022A1PS1040P | 381          | 35.26405451448041   | -11.04    |
| 2022A1PS1043P | 393          | 33.21976149914821   | -12.74    |
| 2022A1PS1056P | 557          | 5.281090289608177   | -65.84    |
| 2022A1PS1057P | 80           | 86.54173764906302   | +40.66    |
| 2022A1PS1069P | 541          | 8.006814310051107   | -53.04    |
| 2022A1PS1099P | 130          | 78.19420783645656   | +28.36    |
| 2022A1PS1104P | 543          | 7.66609880749574    | -53.64    |
| 2022A1PS1115P | 345          | 41.396933560477     | -5.44     |
| 2022A1PS1126P | 532          | 9.540034071550256   | -46.14    |
| 2022A1PS1134P | 487          | 17.206132879045995  | -32.44    |
| 2022A1PS1149P | 86           | 85.51959114139693   | +38.56    |
| 2022A1PS1162P | 406          | 31.00511073253833   | -17.14    |
| 2022A7PS1168P | 531          | 9.710391822827939   | -45.84    |
| 2022A7PS1169P | 535          | 9.028960817717206   | -46.54    |
| 2022A7PS1170P | 308          | 47.87052810902896   | +2.06     |
| 2022A7PS1171P | 190          | 67.80238500851789   | +20.46    |
| 2022A7PS1172P | 514          | 12.606473594548552  | -41.84    |
| 2022A7PS1173P | 521          | 11.41396933560477   | -43.14    |
| 2022A7PS1174P | 41           | 93.18568994889267   | +49.16    |
| 2022A7PS1175P | 275          | 53.32197614991482   | +7.76     |
| 2022A7PS1176P | 90           | 85.00851788756388   | +37.36    |
| 2022A7PS1177P | 323          | 45.14480408858603   | -1.14     |
| 2022A7PS1178P | 276          | 53.15161839863713   | +7.66     |
| 2022A7PS1179P | 568          | 3.4071550255536627  | -82.24    |
| 2022A7PS1180P | 110          | 81.43100511073254   | +33.86    |
| 2022A7PS1181P | 352          | 40.20442930153322   | -6.64     |
| 2022A7PS1182P | 326          | 44.63373083475298   | -2.44     |
| 2022A7PS1183P | 551          | 6.303236797274276   | -57.94    |
| 2022A7PS1184P | 454          | 22.82793867120954   | -26.64    |
| 2022A7PS1185P | 221          | 62.86201022146508   | +16.06    |
| 2022A7PS1186P | 368          | 37.478705281090285  | -9.14     |
| 2022A7PS1187P | 130          | 78.19420783645656   | +28.36    |
| 2022A7PS1188P | 347          | 41.05621805792163   | -5.74     |
| 2022A7PS1189P | 154          | 73.93526405451448   | +25.66    |
| 2022AAPS1191P | 386          | 34.582623509369675  | -11.64    |
| 2022AAPS1192P | 53           | 91.14139693356047   | +45.96    |
| 2022A3PS1194P | 13           | 97.9557069846678    | +60.66    |
| 2022A3PS1195P | 344          | 41.737649063032364  | -5.14     |
| 2022A3PS1196P | 478          | 18.739352640545142  | -30.74    |
| 2022A3PS1197P | 528          | 10.39182282793867   | -44.64    |
| 2022A3PS1198P | 214          | 63.71379897785349   | +17.36    |
| 2022A3PS1199P | 501          | 14.991482112436115  | -36.04    |
| 2022A3PS1200P | 40           | 93.35604770017035   | +49.56    |
| 2022A3PS1203P | 92           | 84.49744463373084   | +36.86    |
| 2022A3PS1204P | 349          | 40.71550255536627   | -5.94     |
| 2022A3PS1205P | 170          | 71.37989778534923   | +22.86    |
| 2022A3PS1206P | 170          | 71.37989778534923   | +22.86    |
| 2022A3PS1207P | 49           | 91.82282793867121   | +46.56    |
| 2022A3PS1208P | 406          | 31.00511073253833   | -17.14    |
| 2022A3PS1209P | 394          | 33.04940374787053   | -13.34    |
| 2022A8PS1210P | 350          | 40.54514480408859   | -6.24     |
| 2022A3PS1211P | 579          | 1.533219761499148   | -106.54   |
| 2022A3PS1212P | 259          | 56.04770017035775   | +9.96     |
| 2022A3PS1213P | 208          | 64.7359454855196    | +18.26    |
| 2022A3PS1214P | 47           | 92.16354344122657   | +46.76    |
| 2022A3PS1215P | 183          | 68.99488926746167   | +21.46    |
| 2022A3PS1216P | 116          | 80.40885860306643   | +32.36    |
| 2022A3PS1217P | 340          | 42.24872231686542   | -4.64     |
| 2022A3PS1218P | 143          | 75.80919931856899   | +26.66    |
| 2022A3PS1219P | 380          | 35.604770017035776  | -10.84    |
| 2022A3PS1220P | 50           | 91.65247018739352   | +46.36    |
| 2022A3PS1221P | 1            | 100.0               | +76.16    |
| 2022A3PS1222P | 88           | 85.34923339011925   | +37.86    |
| 2022A3PS1223P | 294          | 50.08517887563884   | +4.26     |
| 2022A8PS1225P | 213          | 63.88415672913117   | +17.46    |
| 2022A3PS1226P | 548          | 6.984667802385008   | -54.94    |
| 2022A3PS1227P | 112          | 81.09028960817717   | +33.66    |
| 2022A3PS1228P | 221          | 62.86201022146508   | +16.06    |
| 2022A3PS1229P | 320          | 45.65587734241908   | -0.54     |
| 2022A3PS1230P | 467          | 20.78364565587734   | -28.34    |
| 2022A3PS1231P | 137          | 77.00170357751277   | +27.16    |
| 2022A3PS1232P | 232          | 60.64735945485519   | +14.36    |
| 2022A3PS1233P | 411          | 30.153321976149915  | -18.04    |
| 2022A3PS1234P | 68           | 88.75638841567292   | +42.56    |
| 2022A8PS1235P | 32           | 94.71890971039181   | +52.36    |
| 2022A8PS1236P | 400          | 32.19761499148211   | -14.44    |
| 2022A8PS1238P | 90           | 85.00851788756388   | +37.36    |
| 2022A8PS1239P | 498          | 15.33219761499148   | -35.24    |
| 2022A8PS1240P | 364          | 38.3304940374787    | -8.64     |
| 2022A8PS1241P | 512          | 12.947189097103918  | -40.14    |
| 2022A8PS1243P | 267          | 54.68483816013629   | +8.86     |
| 2022A8PS1244P | 435          | 26.06473594548552   | -22.44    |
| 2022A8PS1245P | 180          | 69.50596252129472   | +22.06    |
| 2022A8PS1246P | 490          | 16.86541737649063   | -32.64    |
| 2022A8PS1248P | 428          | 27.427597955706982  | -21.64    |
| 2022A8PS1249P | 386          | 34.582623509369675  | -11.64    |
| 2022A8PS1250P | 162          | 72.74275979557069   | +24.56    |
| 2022A8PS1252P | 201          | 66.09880749574106   | +18.86    |
| 2022A8PS1253P | 554          | 5.792163543441227   | -59.84    |
| 2022A8PS1254P | 304          | 48.38160136286201   | +2.56     |
| 2022A8PS1255P | 156          | 73.59454855195911   | +25.56    |
| 2022A8PS1256P | 405          | 31.17546848381601   | -16.74    |
| 2022A8PS1258P | 510          | 13.287904599659283  | -39.54    |
| 2022A8PS1260P | 37           | 93.8671209540034    | +49.86    |
| 2022A8PS1261P | 390          | 33.901192504258944  | -12.24    |
| 2022A8PS1262P | 201          | 66.09880749574106   | +18.86    |
| 2022A8PS1263P | 297          | 49.57410562180579   | +3.16     |
| 2022A8PS1264P | 412          | 29.98296422487223   | -18.54    |
| 2022A8PS1265P | 484          | 17.717206132879046  | -31.94    |
| 2022A8PS1267P | 134          | 77.34241908006814   | +27.46    |
| 2022A8PS1270P | 324          | 44.97444633730834   | -1.54     |
| 2022A4PS1272P | 121          | 79.55706984667802   | +30.56    |
| 2022A4PS1273P | 574          | 2.385008517887564   | -96.94    |
| 2022A4PS1274P | 304          | 48.38160136286201   | +2.56     |
| 2022A4PS1275P | 142          | 76.14991482112436   | +26.76    |
| 2022A4PS1276P | 358          | 39.18228279386712   | -7.84     |
| 2022A4PS1277P | 57           | 90.45996592844975   | +45.36    |
| 2022A4PS1278P | 318          | 45.996592844974444  | -0.04     |
| 2022A4PS1279P | 440          | 25.212947189097104  | -23.44    |
| 2022A4PS1281P | 54           | 90.9710391822828    | +45.86    |
| 2022A4PS1283P | 336          | 43.100511073253834  | -4.04     |
| 2022A4PS1284P | 339          | 42.419080068143096  | -4.54     |
| 2022A4PS1287P | 397          | 32.538330494037474  | -14.04    |
| 2022A4PS1289P | 322          | 45.31516183986371   | -0.74     |
| 2022A4PS1291P | 91           | 84.66780238500851   | +37.06    |
| 2022A4PS1292P | 61           | 89.77853492333901   | +44.66    |
| 2022A4PS1293P | 163          | 72.40204429301534   | +24.16    |
| 2022A4PS1294P | 505          | 14.1396933560477    | -36.74    |
| 2022A4PS1295P | 165          | 72.06132879045997   | +23.46    |
| 2022A4PS1296P | 179          | 69.6763202725724    | +22.16    |
| 2022A4PS1301P | 72           | 88.24531516183986   | +42.36    |
| 2022A1PS1306P | 51           | 91.48211243611584   | +46.16    |
| 2022A1PS1307P | 272          | 53.83304940374787   | +8.36     |
| 2022A1PS1311P | 241          | 59.114139693356044  | +12.66    |
| 2022A1PS1316P | 562          | 4.429301533219761   | -70.64    |
| 2022A1PS1322P | 332          | 43.61158432708688   | -3.44     |
| 2022A1PS1325P | 582          | 1.0221465076660987  | -112.84   |
| 2022A1PS1327P | 459          | 21.976149914821125  | -27.24    |
| 2022A1PS1328P | 362          | 38.500851788756385  | -8.44     |
| 2022A1PS1330P | 569          | 3.2367972742759794  | -84.44    |
| 2022A1PS1332P | 312          | 47.018739352640544  | +1.56     |
| 2022A1PS1339P | 491          | 16.524701873935264  | -33.04    |
| 2022A1PS1340P | 233          | 60.477001703577514  | +14.06    |
| 2022A1PS1342P | 490          | 16.86541737649063   | -32.64    |
| 2022A1PS1343P | 410          | 30.49403747870528   | -17.54    |
| 2022A1PS1351P | 499          | 15.161839863713798  | -35.84    |
| 2022A1PS1353P | 534          | 9.199318568994888   | -46.34    |
| 2022A1PS1354P | 196          | 66.78023850085178   | +19.86    |
| 2022A1PS1356P | 383          | 35.09369676320272   | -11.44    |
| 2022A1PS1360P | 540          | 8.17717206132879    | -52.54    |
| 2022A4PS1365P | 412          | 29.98296422487223   | -18.54    |
| 2022A5PS1443P | 539          | 8.347529812606473   | -51.74    |
| 2022A5PS1447P | 484          | 17.717206132879046  | -31.94    |
| 2022A5PS1448P | 552          | 6.132879045996592   | -58.24    |
| 2022A5PS1451P | 572          | 2.72572402044293    | -91.04    |
| 2022A5PS1454P | 504          | 14.310051107325382  | -36.64    |
| 2022A5PS1462P | 428          | 27.427597955706982  | -21.64    |
| 2022A5PS1463P | 508          | 13.62862010221465   | -37.44    |
| 2022A5PS1465P | 583          | 0.8517887563884157  | -114.84   |
| 2022A8PS1560P | 192          | 67.6320272572402    | +20.26    |
| 2022A4PS1562P | 247          | 58.091993185689944  | +11.56    |
| 2022A4PS1563P | 44           | 92.67461669505963   | +47.86    |
| 2022A1PS1565P | 102          | 82.96422487223168   | +35.56    |
| 2022A1PS1567P | 434          | 26.2350936967632    | -22.24    |
| 2022A1PS1568P | 139          | 76.49063032367972   | +27.06    |
| 2022A1PS1571P | 338          | 42.759795570698465  | -4.14     |
| 2022A1PS1572P | 125          | 78.8756388415673    | +29.06    |
| 2022A1PS1573P | 458          | 22.146507666098806  | -27.14    |
| 2022A1PS1576P | 236          | 60.136286201022145  | +13.66    |
| 2022A1PS1578P | 439          | 25.383304940374785  | -23.24    |
| 2022A1PS1595P | 166          | 71.89097103918228   | +23.36    |
| 2022A1PS1596P | 283          | 51.959114139693355  | +6.56     |
| 2022A1PS1597P | 395          | 32.87904599659284   | -13.74    |
| 2022A1PS1598P | 566          | 3.7478705281090288  | -79.04    |
| 2022A1PS1610P | 438          | 25.55366269165247   | -22.84    |
| 2022A1PS1615P | 467          | 20.78364565587734   | -28.34    |
| 2022A1PS1631P | 576          | 2.0442930153321974  | -100.24   |
| 2022A1PS1666P | 58           | 90.28960817717206   | +45.16    |
| 2022A1PS1667P | 548          | 6.984667802385008   | -54.94    |
| 2022A1PS1668P | 448          | 23.850085178875638  | -24.94    |
| 2022A1PS1695P | 380          | 35.604770017035776  | -10.84    |
| 2022A8PS1719P | 263          | 55.36626916524702   | +9.36     |
| 2022A8PS1720P | 366          | 37.98977853492334   | -8.94     |
| 2022A1PS1729P | 415          | 29.642248722316864  | -18.64    |
| 2022A1PS1730P | 575          | 2.2146507666098807  | -98.84    |
| 2022A8PS1731P | 242          | 58.94378194207836   | +12.36    |
| 2022A8PS1732P | 27           | 95.57069846678023   | +54.66    |
| 2022A7PS1733P | 137          | 77.00170357751277   | +27.16    |
| 2022A3PS1734P | 312          | 47.018739352640544  | +1.56     |
| 2021B5TS2070P | 561          | 4.599659284497444   | -70.34    |
| 2021D2TS2083P | 580          | 1.362862010221465   | -107.44   |
| 2021D2TS2087P | 565          | 3.918228279386712   | -78.74    |
| 2020B5A22011  | 577          | 1.8739352640545144  | -103.84   |
+---------------+--------------+---------------------+-----------+