+------+--------------+--------------+-----------+
|   ID |   Rank (580) |   Percentile |   Av Plus |
|------+--------------+--------------+-----------|
| 0007 |          350 |     40.1724  |    -10.17 |
| 0001 |          236 |     59.8276  |     11.83 |
| 0005 |          358 |     38.7931  |    -12.17 |
| 0009 |            7 |     98.9655  |     84.83 |
| 0008 |          129 |     78.1034  |     33.83 |
| 0003 |          428 |     26.5517  |    -27.17 |
| 0004 |          328 |     43.9655  |     -5.17 |
| 0006 |          418 |     28.7931  |    -25.17 |
| 0014 |          384 |     34.4828  |    -18.17 |
| 0016 |          186 |     68.4483  |     22.83 |
| 0010 |          430 |     26.2069  |    -28.17 |
| 0011 |          408 |     30.3448  |    -23.17 |
| 0012 |          191 |     67.5862  |     21.83 |
| 0017 |           90 |     85       |     43.83 |
| 0013 |           82 |     86.2069  |     45.83 |
| 0019 |          523 |     10       |    -59.17 |
| 0015 |          412 |     29.3103  |    -24.17 |
| 0022 |          482 |     17.069   |    -44.17 |
| 0025 |          159 |     73.2759  |     27.83 |
| 0020 |          509 |     12.5862  |    -52.17 |
| 0023 |          534 |      8.27586 |    -64.17 |
| 0026 |          504 |     13.6207  |    -50.17 |
| 0027 |          566 |      2.75862 |    -75.17 |
| 0021 |          456 |     21.8966  |    -35.17 |
| 0028 |          500 |     14.3103  |    -49.17 |
| 0031 |          514 |     11.7241  |    -55.17 |
| 0036 |          166 |     72.069   |     26.83 |
| 0033 |          448 |     23.2759  |    -32.17 |
| 0035 |          418 |     28.7931  |    -25.17 |
| 0037 |          430 |     26.2069  |    -28.17 |
| 0034 |          376 |     35.5172  |    -16.17 |
| 0045 |            1 |    100       |     97.83 |
| 0049 |           30 |     95.1724  |     62.83 |
| 0044 |          488 |     16.5517  |    -46.17 |
| 0041 |          444 |     23.9655  |    -31.17 |
| 0042 |          358 |     38.7931  |    -12.17 |
| 0047 |          148 |     75.3448  |     29.83 |
| 0058 |          577 |      1.2069  |    -80.17 |
| 0052 |          119 |     80.1724  |     35.83 |
| 0051 |          577 |      1.2069  |    -80.17 |
| 0053 |          534 |      8.27586 |    -64.17 |
| 0055 |           86 |     85.5172  |     44.83 |
| 0056 |           38 |     93.7931  |     60.83 |
| 0054 |          532 |      8.62069 |    -63.17 |
| 0057 |          137 |     77.2414  |     31.83 |
| 0067 |          569 |      2.06897 |    -77.17 |
| 0065 |          368 |     37.2414  |    -14.17 |
| 0063 |          577 |      1.2069  |    -80.17 |
| 0066 |          552 |      5.17241 |    -69.17 |
| 0068 |          465 |     20.3448  |    -37.17 |
| 0069 |          495 |     15.1724  |    -48.17 |
| 0075 |          242 |     58.7931  |     10.83 |
| 0073 |          548 |      6.03448 |    -68.17 |
| 0079 |          402 |     31.3793  |    -22.17 |
| 0070 |           18 |     97.069   |     74.83 |
| 0078 |           13 |     97.931   |     80.83 |
| 0076 |          509 |     12.5862  |    -52.17 |
| 0077 |          577 |      1.2069  |    -80.17 |
| 0074 |          266 |     54.6552  |      4.83 |
| 0089 |            9 |     98.7931  |     82.83 |
| 0086 |           48 |     92.2414  |     55.83 |
| 0082 |          137 |     77.2414  |     31.83 |
| 0083 |           20 |     96.7241  |     71.83 |
| 0088 |          154 |     73.7931  |     28.83 |
| 0080 |           60 |     90.3448  |     52.83 |
| 0081 |           67 |     88.7931  |     50.83 |
| 0085 |          394 |     32.5862  |    -20.17 |
| 0084 |           28 |     95.3448  |     63.83 |
| 0087 |           48 |     92.2414  |     55.83 |
| 0094 |           78 |     87.069   |     47.83 |
| 0092 |          577 |      1.2069  |    -80.17 |
| 0098 |          205 |     65.3448  |     18.83 |
| 0096 |           54 |     91.0345  |     53.83 |
| 0093 |           48 |     92.2414  |     55.83 |
| 0091 |           60 |     90.3448  |     52.83 |
| 0097 |           18 |     97.069   |     74.83 |
| 0105 |          504 |     13.6207  |    -50.17 |
| 0102 |          320 |     45.6897  |     -4.17 |
| 0106 |          561 |      3.7931  |    -73.17 |
| 0103 |          186 |     68.4483  |     22.83 |
| 0100 |          222 |     62.2414  |     14.83 |
| 0107 |          408 |     30.3448  |    -23.17 |
| 0109 |          558 |      3.96552 |    -72.17 |
| 0119 |          110 |     81.5517  |     37.83 |
| 0116 |          281 |     52.2414  |      1.83 |
| 0114 |          514 |     11.7241  |    -55.17 |
| 0111 |           78 |     87.069   |     47.83 |
| 0113 |            4 |     99.4828  |     87.83 |
| 0110 |          346 |     40.5172  |     -9.17 |
| 0115 |           48 |     92.2414  |     55.83 |
| 0118 |           17 |     97.2414  |     75.83 |
| 0123 |          253 |     56.8966  |      7.83 |
| 0124 |            3 |     99.6552  |     91.83 |
| 0120 |          354 |     39.3103  |    -11.17 |
| 0128 |          306 |     47.931   |     -2.17 |
| 0126 |          210 |     64.1379  |     17.83 |
| 0125 |          288 |     51.0345  |      0.83 |
| 0121 |          552 |      5.17241 |    -69.17 |
| 0130 |          527 |      9.48276 |    -61.17 |
| 0134 |          102 |     83.1034  |     39.83 |
| 0133 |           86 |     85.5172  |     44.83 |
| 0137 |          195 |     66.7241  |     20.83 |
| 0132 |           42 |     93.2759  |     58.83 |
| 0138 |           48 |     92.2414  |     55.83 |
| 0135 |          538 |      7.75862 |    -65.17 |
| 0131 |          577 |      1.2069  |    -80.17 |
| 0136 |          488 |     16.5517  |    -46.17 |
| 0146 |          293 |     50       |     -0.17 |
| 0145 |            2 |     99.8276  |     96.83 |
| 0140 |           25 |     96.0345  |     65.83 |
| 0141 |          110 |     81.5517  |     37.83 |
| 0148 |          488 |     16.5517  |    -46.17 |
| 0144 |           60 |     90.3448  |     52.83 |
| 0142 |          137 |     77.2414  |     31.83 |
| 0143 |          456 |     21.8966  |    -35.17 |
| 0147 |           25 |     96.0345  |     65.83 |
| 0157 |          418 |     28.7931  |    -25.17 |
| 0150 |           96 |     83.9655  |     41.83 |
| 0155 |          484 |     16.8966  |    -45.17 |
| 0154 |          114 |     80.8621  |     36.83 |
| 0159 |          205 |     65.3448  |     18.83 |
| 0158 |           60 |     90.3448  |     52.83 |
| 0153 |           42 |     93.2759  |     58.83 |
| 0156 |           74 |     87.7586  |     48.83 |
| 0152 |           45 |     92.4138  |     57.83 |
| 0166 |           86 |     85.5172  |     44.83 |
| 0168 |           67 |     88.7931  |     50.83 |
| 0160 |          212 |     63.7931  |     16.83 |
| 0164 |           34 |     94.6552  |     61.83 |
| 0165 |           52 |     91.3793  |     54.83 |
| 0169 |           34 |     94.6552  |     61.83 |
| 0171 |          320 |     45.6897  |     -4.17 |
| 0177 |           42 |     93.2759  |     58.83 |
| 0173 |           34 |     94.6552  |     61.83 |
| 0174 |           15 |     97.5862  |     77.83 |
| 0175 |           23 |     96.2069  |     67.83 |
| 0172 |           39 |     93.4483  |     59.83 |
| 0170 |          281 |     52.2414  |      1.83 |
| 0178 |           14 |     97.7586  |     78.83 |
| 0189 |          556 |      4.31034 |    -71.17 |
| 0183 |          137 |     77.2414  |     31.83 |
| 0184 |          484 |     16.8966  |    -45.17 |
| 0182 |          504 |     13.6207  |    -50.17 |
| 0187 |           30 |     95.1724  |     62.83 |
| 0185 |          548 |      6.03448 |    -68.17 |
| 0180 |          132 |     77.5862  |     32.83 |
| 0190 |          435 |     25.5172  |    -29.17 |
| 0198 |           21 |     96.5517  |     70.83 |
| 0194 |          428 |     26.5517  |    -27.17 |
| 0195 |           70 |     88.2759  |     49.83 |
| 0204 |           70 |     88.2759  |     49.83 |
| 0207 |           78 |     87.069   |     47.83 |
| 0209 |          435 |     25.5172  |    -29.17 |
| 0203 |           25 |     96.0345  |     65.83 |
| 0218 |          368 |     37.2414  |    -14.17 |
| 0211 |          518 |     11.0345  |    -56.17 |
| 0219 |          171 |     71.0345  |     25.83 |
| 0214 |          148 |     75.3448  |     29.83 |
| 0216 |          350 |     40.1724  |    -10.17 |
| 0210 |           90 |     85       |     43.83 |
| 0217 |          424 |     27.2414  |    -26.17 |
| 0215 |          272 |     53.7931  |      3.83 |
| 0221 |          470 |     19.3103  |    -39.17 |
| 0223 |          572 |      1.89655 |    -78.17 |
| 0222 |           42 |     93.2759  |     58.83 |
| 0226 |          129 |     78.1034  |     33.83 |
| 0234 |          181 |     69.3103  |     23.83 |
| 0232 |          148 |     75.3448  |     29.83 |
| 0231 |          106 |     81.8966  |     38.83 |
| 0235 |          435 |     25.5172  |    -29.17 |
| 0243 |          199 |     66.2069  |     19.83 |
| 0248 |           54 |     91.0345  |     53.83 |
| 0240 |           38 |     93.7931  |     60.83 |
| 0241 |           30 |     95.1724  |     62.83 |
| 0247 |          191 |     67.5862  |     21.83 |
| 0244 |           98 |     83.2759  |     40.83 |
| 0249 |          328 |     43.9655  |     -5.17 |
| 0256 |          253 |     56.8966  |      7.83 |
| 0254 |          378 |     35.1724  |    -17.17 |
| 0252 |          479 |     17.931   |    -43.17 |
| 0253 |            6 |     99.3103  |     85.83 |
| 0258 |          262 |     55.1724  |      5.83 |
| 0251 |          394 |     32.5862  |    -20.17 |
| 0250 |          534 |      8.27586 |    -64.17 |
| 0255 |          542 |      7.06897 |    -66.17 |
| 0257 |          402 |     31.3793  |    -22.17 |
| 0264 |          258 |     56.0345  |      6.83 |
| 0260 |            9 |     98.7931  |     82.83 |
| 0268 |           60 |     90.3448  |     52.83 |
| 0266 |           16 |     97.4138  |     76.83 |
| 0282 |          114 |     80.8621  |     36.83 |
| 0292 |          159 |     73.2759  |     27.83 |
| 0305 |           82 |     86.2069  |     45.83 |
| 0300 |          456 |     21.8966  |    -35.17 |
| 0314 |          272 |     53.7931  |      3.83 |
| 0311 |           70 |     88.2759  |     49.83 |
| 0318 |          320 |     45.6897  |     -4.17 |
| 0313 |           96 |     83.9655  |     41.83 |
| 0322 |          530 |      8.96552 |    -62.17 |
| 0327 |          119 |     80.1724  |     35.83 |
| 0329 |          137 |     77.2414  |     31.83 |
| 0326 |          281 |     52.2414  |      1.83 |
| 0321 |          125 |     78.9655  |     34.83 |
| 0323 |           34 |     94.6552  |     61.83 |
| 0339 |          460 |     21.0345  |    -36.17 |
| 0331 |          266 |     54.6552  |      4.83 |
| 0344 |          281 |     52.2414  |      1.83 |
| 0347 |          479 |     17.931   |    -43.17 |
| 0355 |          340 |     42.2414  |     -7.17 |
| 0357 |          340 |     42.2414  |     -7.17 |
| 0358 |          328 |     43.9655  |     -5.17 |
| 0366 |          272 |     53.7931  |      3.83 |
| 0364 |          402 |     31.3793  |    -22.17 |
| 0360 |          176 |     70.1724  |     24.83 |
| 0363 |          227 |     61.3793  |     13.83 |
| 0378 |          368 |     37.2414  |    -14.17 |
| 0375 |          384 |     34.4828  |    -18.17 |
| 0376 |          242 |     58.7931  |     10.83 |
| 0372 |          148 |     75.3448  |     29.83 |
| 0377 |          460 |     21.0345  |    -36.17 |
| 0380 |          378 |     35.1724  |    -17.17 |
| 0384 |          159 |     73.2759  |     27.83 |
| 0389 |          159 |     73.2759  |     27.83 |
| 0381 |          561 |      3.7931  |    -73.17 |
| 0387 |          119 |     80.1724  |     35.83 |
| 0397 |           64 |     89.3103  |     51.83 |
| 0394 |          418 |     28.7931  |    -25.17 |
| 0392 |           64 |     89.3103  |     51.83 |
| 0406 |          258 |     56.0345  |      6.83 |
| 0408 |          102 |     83.1034  |     39.83 |
| 0405 |          137 |     77.2414  |     31.83 |
| 0403 |          568 |      2.41379 |    -76.17 |
| 0402 |          253 |     56.8966  |      7.83 |
| 0418 |            9 |     98.7931  |     82.83 |
| 0419 |          181 |     69.3103  |     23.83 |
| 0412 |          358 |     38.7931  |    -12.17 |
| 0410 |          186 |     68.4483  |     22.83 |
| 0425 |          217 |     63.1034  |     15.83 |
| 0422 |          412 |     29.3103  |    -24.17 |
| 0429 |          154 |     73.7931  |     28.83 |
| 0420 |          166 |     72.069   |     26.83 |
| 0427 |          418 |     28.7931  |    -25.17 |
| 0424 |          266 |     54.6552  |      4.83 |
| 0437 |          500 |     14.3103  |    -49.17 |
| 0430 |          227 |     61.3793  |     13.83 |
| 0431 |          266 |     54.6552  |      4.83 |
| 0447 |          281 |     52.2414  |      1.83 |
| 0444 |          452 |     22.2414  |    -34.17 |
| 0448 |          236 |     59.8276  |     11.83 |
| 0441 |          340 |     42.2414  |     -7.17 |
| 0445 |          488 |     16.5517  |    -46.17 |
| 0449 |          299 |     49.1379  |     -1.17 |
| 0456 |          232 |     60.5172  |     12.83 |
| 0458 |          176 |     70.1724  |     24.83 |
| 0454 |          212 |     63.7931  |     16.83 |
| 0455 |           93 |     84.1379  |     42.83 |
| 0457 |          402 |     31.3793  |    -22.17 |
| 0451 |          171 |     71.0345  |     25.83 |
| 0450 |          376 |     35.5172  |    -16.17 |
| 0465 |          119 |     80.1724  |     35.83 |
| 0462 |           22 |     96.3793  |     69.83 |
| 0466 |          171 |     71.0345  |     25.83 |
| 0467 |          512 |     12.069   |    -54.17 |
| 0473 |          320 |     45.6897  |     -4.17 |
| 0479 |          176 |     70.1724  |     24.83 |
| 0475 |          191 |     67.5862  |     21.83 |
| 0471 |           52 |     91.3793  |     54.83 |
| 0478 |          191 |     67.5862  |     21.83 |
| 0476 |          358 |     38.7931  |    -12.17 |
| 0485 |          350 |     40.1724  |    -10.17 |
| 0483 |           74 |     87.7586  |     48.83 |
| 0484 |          276 |     52.7586  |      2.83 |
| 0481 |          418 |     28.7931  |    -25.17 |
| 0498 |          137 |     77.2414  |     31.83 |
| 0492 |          205 |     65.3448  |     18.83 |
| 0493 |          346 |     40.5172  |     -9.17 |
| 0490 |          236 |     59.8276  |     11.83 |
| 0502 |          258 |     56.0345  |      6.83 |
| 0503 |          119 |     80.1724  |     35.83 |
| 0500 |          504 |     13.6207  |    -50.17 |
| 0508 |          106 |     81.8966  |     38.83 |
| 0507 |          350 |     40.1724  |    -10.17 |
| 0504 |          232 |     60.5172  |     12.83 |
| 0511 |          568 |      2.41379 |    -76.17 |
| 0510 |          572 |      1.89655 |    -78.17 |
| 0515 |          242 |     58.7931  |     10.83 |
| 0526 |          354 |     39.3103  |    -11.17 |
| 0528 |          212 |     63.7931  |     16.83 |
| 0523 |           74 |     87.7586  |     48.83 |
| 0539 |          362 |     37.931   |    -13.17 |
| 0530 |          472 |     18.9655  |    -41.17 |
| 0538 |          299 |     49.1379  |     -1.17 |
| 0540 |          504 |     13.6207  |    -50.17 |
| 0543 |          402 |     31.3793  |    -22.17 |
| 0546 |          514 |     11.7241  |    -55.17 |
| 0545 |          542 |      7.06897 |    -66.17 |
| 0556 |           64 |     89.3103  |     51.83 |
| 0557 |          344 |     40.8621  |     -8.17 |
| 0558 |          102 |     83.1034  |     39.83 |
| 0561 |           82 |     86.2069  |     45.83 |
| 0566 |          258 |     56.0345  |      6.83 |
| 0567 |          119 |     80.1724  |     35.83 |
| 0564 |          166 |     72.069   |     26.83 |
| 0572 |          472 |     18.9655  |    -41.17 |
| 0570 |          166 |     72.069   |     26.83 |
| 0578 |          312 |     46.7241  |     -3.17 |
| 0586 |          217 |     63.1034  |     15.83 |
| 0587 |          333 |     43.1034  |     -6.17 |
| 0589 |          125 |     78.9655  |     34.83 |
| 0583 |          384 |     34.4828  |    -18.17 |
| 0591 |          444 |     23.9655  |    -31.17 |
| 0595 |          222 |     62.2414  |     14.83 |
| 0593 |          340 |     42.2414  |     -7.17 |
| 0599 |          444 |     23.9655  |    -31.17 |
| 0590 |          222 |     62.2414  |     14.83 |
| 0615 |          524 |      9.82759 |    -60.17 |
| 0610 |          555 |      4.48276 |    -70.17 |
| 0619 |          129 |     78.1034  |     33.83 |
| 0617 |          373 |     36.0345  |    -15.17 |
| 0611 |           54 |     91.0345  |     53.83 |
| 0626 |          333 |     43.1034  |     -6.17 |
| 0620 |          191 |     67.5862  |     21.83 |
| 0622 |          320 |     45.6897  |     -4.17 |
| 0624 |          236 |     59.8276  |     11.83 |
| 0634 |          435 |     25.5172  |    -29.17 |
| 0649 |          236 |     59.8276  |     11.83 |
| 0643 |          212 |     63.7931  |     16.83 |
| 0640 |          328 |     43.9655  |     -5.17 |
| 0651 |          378 |     35.1724  |    -17.17 |
| 0661 |          530 |      8.96552 |    -62.17 |
| 0669 |          424 |     27.2414  |    -26.17 |
| 0660 |          384 |     34.4828  |    -18.17 |
| 0673 |          242 |     58.7931  |     10.83 |
| 0676 |          514 |     11.7241  |    -55.17 |
| 0675 |          340 |     42.2414  |     -7.17 |
| 0680 |          479 |     17.931   |    -43.17 |
| 0684 |          299 |     49.1379  |     -1.17 |
| 0697 |          195 |     66.7241  |     20.83 |
| 0694 |          114 |     80.8621  |     36.83 |
| 0702 |          504 |     13.6207  |    -50.17 |
| 0703 |          236 |     59.8276  |     11.83 |
| 0708 |          488 |     16.5517  |    -46.17 |
| 0714 |          394 |     32.5862  |    -20.17 |
| 0719 |          205 |     65.3448  |     18.83 |
| 0716 |          448 |     23.2759  |    -32.17 |
| 0725 |          548 |      6.03448 |    -68.17 |
| 0723 |          448 |     23.2759  |    -32.17 |
| 0738 |          148 |     75.3448  |     29.83 |
| 0749 |          460 |     21.0345  |    -36.17 |
| 0748 |          181 |     69.3103  |     23.83 |
| 0747 |           96 |     83.9655  |     41.83 |
| 0742 |          288 |     51.0345  |      0.83 |
| 0774 |          186 |     68.4483  |     22.83 |
| 0782 |          210 |     64.1379  |     17.83 |
| 0781 |          312 |     46.7241  |     -3.17 |
| 0784 |          509 |     12.5862  |    -52.17 |
| 0798 |          125 |     78.9655  |     34.83 |
| 0792 |          281 |     52.2414  |      1.83 |
| 0795 |          527 |      9.48276 |    -61.17 |
| 0806 |          253 |     56.8966  |      7.83 |
| 0808 |          333 |     43.1034  |     -6.17 |
| 0824 |          253 |     56.8966  |      7.83 |
| 0827 |          472 |     18.9655  |    -41.17 |
| 0820 |          248 |     57.7586  |      9.83 |
| 0831 |          306 |     47.931   |     -2.17 |
| 0832 |          340 |     42.2414  |     -7.17 |
| 0843 |          102 |     83.1034  |     39.83 |
| 0841 |          368 |     37.2414  |    -14.17 |
| 0855 |          394 |     32.5862  |    -20.17 |
| 0868 |          232 |     60.5172  |     12.83 |
| 0871 |          527 |      9.48276 |    -61.17 |
| 0883 |          408 |     30.3448  |    -23.17 |
| 0897 |          465 |     20.3448  |    -37.17 |
| 0896 |          440 |     24.6552  |    -30.17 |
| 0899 |          171 |     71.0345  |     25.83 |
| 0895 |          500 |     14.3103  |    -49.17 |
| 0903 |          293 |     50       |     -0.17 |
| 0902 |          440 |     24.6552  |    -30.17 |
| 0900 |          495 |     15.1724  |    -48.17 |
| 0911 |          472 |     18.9655  |    -41.17 |
| 0919 |          176 |     70.1724  |     24.83 |
| 0915 |          545 |      6.2069  |    -67.17 |
| 0924 |          362 |     37.931   |    -13.17 |
| 0925 |          522 |     10.3448  |    -58.17 |
| 0926 |          181 |     69.3103  |     23.83 |
| 0921 |          398 |     31.7241  |    -21.17 |
| 0938 |          186 |     68.4483  |     22.83 |
| 0945 |          500 |     14.3103  |    -49.17 |
| 0948 |          456 |     21.8966  |    -35.17 |
| 0942 |          368 |     37.2414  |    -14.17 |
| 0946 |          495 |     15.1724  |    -48.17 |
| 0941 |          205 |     65.3448  |     18.83 |
| 0947 |          288 |     51.0345  |      0.83 |
| 0955 |          299 |     49.1379  |     -1.17 |
| 0959 |          276 |     52.7586  |      2.83 |
| 0957 |          532 |      8.62069 |    -63.17 |
| 0953 |          362 |     37.931   |    -13.17 |
| 0962 |          476 |     18.2759  |    -42.17 |
| 0969 |          276 |     52.7586  |      2.83 |
| 0965 |          408 |     30.3448  |    -23.17 |
| 0973 |          227 |     61.3793  |     13.83 |
| 0975 |          448 |     23.2759  |    -32.17 |
| 0984 |          456 |     21.8966  |    -35.17 |
| 0982 |          412 |     29.3103  |    -24.17 |
| 0992 |          306 |     47.931   |     -2.17 |
| 1001 |          293 |     50       |     -0.17 |
| 1022 |          248 |     57.7586  |      9.83 |
| 1043 |          430 |     26.2069  |    -28.17 |
| 1040 |          465 |     20.3448  |    -37.17 |
| 1056 |          378 |     35.1724  |    -17.17 |
| 1057 |          542 |      7.06897 |    -66.17 |
| 1069 |          524 |      9.82759 |    -60.17 |
| 1075 |          137 |     77.2414  |     31.83 |
| 1099 |          272 |     53.7931  |      3.83 |
| 1104 |          110 |     81.5517  |     37.83 |
| 1115 |          495 |     15.1724  |    -48.17 |
| 1126 |          362 |     37.931   |    -13.17 |
| 1134 |          320 |     45.6897  |     -4.17 |
| 1149 |          358 |     38.7931  |    -12.17 |
| 1168 |          448 |     23.2759  |    -32.17 |
| 1162 |          495 |     15.1724  |    -48.17 |
| 1179 |          564 |      2.93103 |    -74.17 |
| 1175 |           12 |     98.2759  |     81.83 |
| 1176 |           27 |     95.5172  |     64.83 |
| 1172 |          548 |      6.03448 |    -68.17 |
| 1173 |          281 |     52.2414  |      1.83 |
| 1174 |          114 |     80.8621  |     36.83 |
| 1178 |          390 |     33.1034  |    -19.17 |
| 1177 |          320 |     45.6897  |     -4.17 |
| 1171 |          132 |     77.5862  |     32.83 |
| 1170 |          110 |     81.5517  |     37.83 |
| 1180 |          227 |     61.3793  |     13.83 |
| 1187 |           96 |     83.9655  |     41.83 |
| 1181 |          288 |     51.0345  |      0.83 |
| 1186 |           34 |     94.6552  |     61.83 |
| 1182 |            6 |     99.3103  |     85.83 |
| 1183 |          520 |     10.6897  |    -57.17 |
| 1184 |          465 |     20.3448  |    -37.17 |
| 1188 |           12 |     98.2759  |     81.83 |
| 1189 |           42 |     93.2759  |     58.83 |
| 1191 |          205 |     65.3448  |     18.83 |
| 1195 |          340 |     42.2414  |     -7.17 |
| 1194 |           54 |     91.0345  |     53.83 |
| 1199 |          465 |     20.3448  |    -37.17 |
| 1196 |          159 |     73.2759  |     27.83 |
| 1198 |           80 |     86.3793  |     46.83 |
| 1192 |          142 |     75.6897  |     30.83 |
| 1197 |          468 |     19.4828  |    -38.17 |
| 1204 |           90 |     85       |     43.83 |
| 1209 |          418 |     28.7931  |    -25.17 |
| 1205 |          159 |     73.2759  |     27.83 |
| 1203 |          293 |     50       |     -0.17 |
| 1206 |          306 |     47.931   |     -2.17 |
| 1207 |          148 |     75.3448  |     29.83 |
| 1200 |           90 |     85       |     43.83 |
| 1208 |          384 |     34.4828  |    -18.17 |
| 1218 |          217 |     63.1034  |     15.83 |
| 1210 |          312 |     46.7241  |     -3.17 |
| 1212 |          119 |     80.1724  |     35.83 |
| 1211 |          248 |     57.7586  |      9.83 |
| 1213 |          479 |     17.931   |    -43.17 |
| 1214 |          199 |     66.2069  |     19.83 |
| 1219 |          476 |     18.2759  |    -42.17 |
| 1215 |          148 |     75.3448  |     29.83 |
| 1217 |          384 |     34.4828  |    -18.17 |
| 1216 |          166 |     72.069   |     26.83 |
| 1229 |          166 |     72.069   |     26.83 |
| 1227 |          320 |     45.6897  |     -4.17 |
| 1225 |          159 |     73.2759  |     27.83 |
| 1223 |          390 |     33.1034  |    -19.17 |
| 1222 |          242 |     58.7931  |     10.83 |
| 1228 |          102 |     83.1034  |     39.83 |
| 1224 |          250 |     57.069   |      8.83 |
| 1226 |          266 |     54.6552  |      4.83 |
| 1220 |          102 |     83.1034  |     39.83 |
| 1221 |          148 |     75.3448  |     29.83 |
| 1230 |           67 |     88.7931  |     50.83 |
| 1231 |          199 |     66.2069  |     19.83 |
| 1236 |          217 |     63.1034  |     15.83 |
| 1235 |          125 |     78.9655  |     34.83 |
| 1234 |          154 |     73.7931  |     28.83 |
| 1239 |          227 |     61.3793  |     13.83 |
| 1233 |          199 |     66.2069  |     19.83 |
| 1232 |          451 |     22.4138  |    -33.17 |
| 1238 |           74 |     87.7586  |     48.83 |
| 1240 |          299 |     49.1379  |     -1.17 |
| 1244 |           78 |     87.069   |     47.83 |
| 1241 |          148 |     75.3448  |     29.83 |
| 1245 |          328 |     43.9655  |     -5.17 |
| 1248 |          272 |     53.7931  |      3.83 |
| 1249 |          306 |     47.931   |     -2.17 |
| 1243 |          288 |     51.0345  |      0.83 |
| 1256 |          222 |     62.2414  |     14.83 |
| 1252 |           82 |     86.2069  |     45.83 |
| 1250 |          556 |      4.31034 |    -71.17 |
| 1255 |          248 |     57.7586  |      9.83 |
| 1253 |          538 |      7.75862 |    -65.17 |
| 1258 |          125 |     78.9655  |     34.83 |
| 1262 |          181 |     69.3103  |     23.83 |
| 1263 |          142 |     75.6897  |     30.83 |
| 1267 |          272 |     53.7931  |      3.83 |
| 1260 |          205 |     65.3448  |     18.83 |
| 1264 |          299 |     49.1379  |     -1.17 |
| 1265 |          408 |     30.3448  |    -23.17 |
| 1261 |          195 |     66.7241  |     20.83 |
| 1276 |          333 |     43.1034  |     -6.17 |
| 1270 |          440 |     24.6552  |    -30.17 |
| 1279 |          418 |     28.7931  |    -25.17 |
| 1277 |          373 |     36.0345  |    -15.17 |
| 1275 |          232 |     60.5172  |     12.83 |
| 1272 |          320 |     45.6897  |     -4.17 |
| 1273 |          418 |     28.7931  |    -25.17 |
| 1278 |          102 |     83.1034  |     39.83 |
| 1289 |          262 |     55.1724  |      5.83 |
| 1287 |          217 |     63.1034  |     15.83 |
| 1281 |          373 |     36.0345  |    -15.17 |
| 1284 |          312 |     46.7241  |     -3.17 |
| 1283 |          333 |     43.1034  |     -6.17 |
| 1292 |          137 |     77.2414  |     31.83 |
| 1294 |          561 |      3.7931  |    -73.17 |
| 1291 |          288 |     51.0345  |      0.83 |
| 1295 |          368 |     37.2414  |    -14.17 |
| 1296 |          368 |     37.2414  |    -14.17 |
| 1293 |          306 |     47.931   |     -2.17 |
| 1301 |          258 |     56.0345  |      6.83 |
| 1306 |           90 |     85       |     43.83 |
| 1307 |          299 |     49.1379  |     -1.17 |
| 1316 |          522 |     10.3448  |    -58.17 |
| 1311 |          306 |     47.931   |     -2.17 |
| 1327 |          518 |     11.0345  |    -56.17 |
| 1322 |          320 |     45.6897  |     -4.17 |
| 1328 |          171 |     71.0345  |     25.83 |
| 1325 |          542 |      7.06897 |    -66.17 |
| 1332 |          402 |     31.3793  |    -22.17 |
| 1330 |          561 |      3.7931  |    -73.17 |
| 1339 |          440 |     24.6552  |    -30.17 |
| 1342 |          384 |     34.4828  |    -18.17 |
| 1343 |          470 |     19.3103  |    -39.17 |
| 1340 |          176 |     70.1724  |     24.83 |
| 1353 |          520 |     10.6897  |    -57.17 |
| 1354 |          344 |     40.8621  |     -8.17 |
| 1351 |          488 |     16.5517  |    -46.17 |
| 1365 |          561 |      3.7931  |    -73.17 |
| 1443 |          538 |      7.75862 |    -65.17 |
| 1448 |          488 |     16.5517  |    -46.17 |
| 1447 |          548 |      6.03448 |    -68.17 |
| 1454 |          552 |      5.17241 |    -69.17 |
| 1451 |          538 |      7.75862 |    -65.17 |
| 1465 |          572 |      1.89655 |    -78.17 |
| 1463 |          572 |      1.89655 |    -78.17 |
| 1462 |          512 |     12.069   |    -54.17 |
| 1567 |          577 |      1.2069  |    -80.17 |
| 1563 |          199 |     66.2069  |     19.83 |
| 1562 |          444 |     23.9655  |    -31.17 |
| 1568 |          354 |     39.3103  |    -11.17 |
| 1560 |           60 |     90.3448  |     52.83 |
| 1572 |          408 |     30.3448  |    -23.17 |
| 1578 |          390 |     33.1034  |    -19.17 |
| 1573 |          430 |     26.2069  |    -28.17 |
| 1571 |          479 |     17.931   |    -43.17 |
| 1576 |          452 |     22.2414  |    -34.17 |
| 1597 |          492 |     15.3448  |    -47.17 |
| 1595 |          435 |     25.5172  |    -29.17 |
| 1598 |          552 |      5.17241 |    -69.17 |
| 1596 |          262 |     55.1724  |      5.83 |
| 1610 |          398 |     31.7241  |    -21.17 |
| 1615 |          424 |     27.2414  |    -26.17 |
| 1631 |          542 |      7.06897 |    -66.17 |
| 1666 |          312 |     46.7241  |     -3.17 |
| 1668 |          394 |     32.5862  |    -20.17 |
| 1667 |          424 |     27.2414  |    -26.17 |
| 1695 |          340 |     42.2414  |     -7.17 |
| 1719 |          460 |     21.0345  |    -36.17 |
| 1729 |          293 |     50       |     -0.17 |
| 1720 |          384 |     34.4828  |    -18.17 |
| 1732 |          242 |     58.7931  |     10.83 |
| 1730 |          566 |      2.75862 |    -75.17 |
| 1734 |          222 |     62.2414  |     14.83 |
| 1733 |          350 |     40.1724  |    -10.17 |
| 1731 |          312 |     46.7241  |     -3.17 |
+------+--------------+--------------+-----------+