+---------------+--------------+--------------------+-----------+
| ID            | Rank (572)   | Percentile         | Av Plus   |
|---------------+--------------+--------------------+-----------|
| 2022A7PS0001P | 278          | 52.09790209790209  | +1.95     |
| 2022A7PS0003P | 8            | 98.95104895104895  | +82.95    |
| 2022A7PS0004P | 346          | 39.86013986013986  | -12.05    |
| 2022A7PS0005P | 434          | 24.65034965034965  | -32.05    |
| 2022A7PS0006P | 108          | 81.46853146853147  | +35.95    |
| 2022A7PS0007P | 370          | 36.01398601398601  | -18.05    |
| 2022A7PS0008P | 24           | 95.97902097902097  | +66.45    |
| 2022A7PS0009P | 34           | 94.4055944055944   | +59.95    |
| 2022A7PS0010P | 316          | 45.62937062937063  | -6.05     |
| 2022A7PS0011P | 332          | 42.48251748251748  | -8.05     |
| 2022A7PS0012P | 257          | 55.76923076923077  | +4.95     |
| 2022A7PS0013P | 242          | 58.391608391608386 | +6.95     |
| 2022A7PS0014P | 346          | 39.86013986013986  | -12.05    |
| 2022A4PS0015P | 478          | 16.958041958041957 | -40.05    |
| 2022A7PS0016P | 130          | 77.97202797202797  | +29.95    |
| 2022A7PS0017P | 250          | 56.99300699300699  | +5.95     |
| 2022AAPS0019P | 428          | 25.874125874125873 | -31.05    |
| 2022A8PS0020P | 550          | 4.195804195804196  | -61.05    |
| 2022AAPS0021P | 448          | 22.377622377622377 | -35.05    |
| 2022A3PS0022P | 428          | 25.874125874125873 | -31.05    |
| 2022A3PS0023P | 354          | 38.63636363636363  | -14.05    |
| 2022AAPS0025P | 84           | 85.48951048951048  | +46.95    |
| 2022A4PS0026P | 522          | 9.265734265734265  | -51.05    |
| 2022A3PS0027P | 540          | 5.944055944055944  | -57.05    |
| 2022AAPS0028P | 471          | 18.356643356643357 | -39.05    |
| 2022A7PS0031P | 535          | 6.8181818181818175 | -55.05    |
| 2022A7PS0033P | 497          | 13.286713286713287 | -45.55    |
| 2022A3PS0034P | 441          | 23.426573426573427 | -34.05    |
| 2022A7PS0035P | 434          | 24.65034965034965  | -32.05    |
| 2022A7PS0036P | 30           | 95.1048951048951   | +62.95    |
| 2022A7PS0037P | 454          | 21.153846153846153 | -36.05    |
| 2022A7PS0038P | 230          | 60.31468531468531  | +8.95     |
| 2022A7PS0041P | 538          | 6.293706293706293  | -56.05    |
| 2022A7PS0042P | 270          | 53.671328671328666 | +2.95     |
| 2022A7PS0044P | 502          | 12.587412587412587 | -47.05    |
| 2022A7PS0045P | 3            | 99.82517482517483  | +86.95    |
| 2022A7PS0049P | 58           | 90.38461538461539  | +53.95    |
| 2022A7PS0051P | 569          | 1.2237762237762237 | -68.05    |
| 2022A7PS0052P | 214          | 63.28671328671329  | +11.95    |
| 2022A7PS0053P | 490          | 14.685314685314685 | -44.05    |
| 2022A7PS0054P | 448          | 22.377622377622377 | -35.05    |
| 2022A7PS0055P | 5            | 99.30069930069929  | +84.95    |
| 2022A7PS0056P | 21           | 96.67832167832168  | +67.95    |
| 2022A7PS0057P | 413          | 28.496503496503497 | -28.05    |
| 2022A7PS0058P | 550          | 4.195804195804196  | -61.05    |
| 2022A7PS0063P | 559          | 2.622377622377622  | -65.05    |
| 2022A7PS0065P | 202          | 65.03496503496503  | +13.95    |
| 2022A7PS0066P | 569          | 1.2237762237762237 | -68.05    |
| 2022A7PS0067P | 562          | 2.097902097902098  | -66.05    |
| 2022A7PS0068P | 490          | 14.685314685314685 | -44.05    |
| 2022A7PS0069P | 526          | 8.216783216783217  | -52.05    |
| 2022A7PS0070P | 58           | 90.38461538461539  | +53.95    |
| 2022A7PS0073P | 514          | 10.664335664335663 | -49.05    |
| 2022A7PS0074P | 16           | 97.37762237762237  | +69.95    |
| 2022A7PS0075P | 178          | 69.4055944055944   | +18.95    |
| 2022A7PS0076P | 529          | 7.867132867132867  | -53.05    |
| 2022A7PS0077P | 569          | 1.2237762237762237 | -68.05    |
| 2022A7PS0078P | 53           | 91.25874125874125  | +54.95    |
| 2022A7PS0079P | 448          | 22.377622377622377 | -35.05    |
| 2022A7PS0080P | 161          | 72.37762237762237  | +23.95    |
| 2022A7PS0081P | 110          | 80.94405594405595  | +34.95    |
| 2022A7PS0082P | 316          | 45.62937062937063  | -6.05     |
| 2022A7PS0083P | 70           | 87.93706293706293  | +50.95    |
| 2022A7PS0084P | 14           | 97.90209790209789  | +72.95    |
| 2022A7PS0085P | 226          | 61.01398601398601  | +9.95     |
| 2022A7PS0086P | 3            | 99.82517482517483  | +86.95    |
| 2022A7PS0087P | 44           | 92.83216783216783  | +57.95    |
| 2022A7PS0088P | 112          | 80.59440559440559  | +33.95    |
| 2022A7PS0089P | 21           | 96.67832167832168  | +67.95    |
| 2022A7PS0091P | 90           | 84.61538461538461  | +43.95    |
| 2022A7PS0093P | 110          | 80.94405594405595  | +34.95    |
| 2022A7PS0094P | 130          | 77.97202797202797  | +29.95    |
| 2022A7PS0096P | 1            | 100.0              | +87.95    |
| 2022A7PS0097P | 77           | 86.7132867132867   | +49.45    |
| 2022A7PS0098P | 193          | 67.13286713286713  | +15.95    |
| 2022A7PS0100P | 390          | 32.34265734265734  | -22.05    |
| 2022A7PS0102P | 360          | 37.41258741258741  | -16.05    |
| 2022A7PS0103P | 74           | 87.58741258741259  | +49.95    |
| 2022A7PS0105P | 441          | 23.426573426573427 | -34.05    |
| 2022A7PS0106P | 532          | 7.3426573426573425 | -54.05    |
| 2022A7PS0107P | 384          | 33.56643356643357  | -21.05    |
| 2022A7PS0109P | 553          | 3.6713286713286712 | -62.05    |
| 2022A7PS0111P | 58           | 90.38461538461539  | +53.95    |
| 2022A7PS0113P | 86           | 85.13986013986013  | +45.95    |
| 2022A7PS0114P | 397          | 30.944055944055943 | -24.05    |
| 2022A7PS0115P | 145          | 75.17482517482517  | +26.95    |
| 2022A7PS0116P | 278          | 52.09790209790209  | +1.95     |
| 2022A7PS0118P | 9            | 98.6013986013986   | +78.95    |
| 2022A7PS0119P | 90           | 84.61538461538461  | +43.95    |
| 2022A7PS0120P | 384          | 33.56643356643357  | -21.05    |
| 2022A7PS0121P | 508          | 11.713286713286713 | -48.05    |
| 2022A7PS0123P | 341          | 40.55944055944056  | -10.05    |
| 2022A7PS0124P | 12           | 98.25174825174825  | +74.95    |
| 2022A7PS0125P | 408          | 29.02097902097902  | -27.05    |
| 2022A7PS0126P | 161          | 72.37762237762237  | +23.95    |
| 2022A7PS0128P | 296          | 48.6013986013986   | -2.05     |
| 2022A7PS0130P | 548          | 4.370629370629371  | -60.05    |
| 2022A7PS0131P | 556          | 3.1468531468531467 | -64.05    |
| 2022A7PS0132P | 6            | 99.12587412587412  | +83.95    |
| 2022A7PS0133P | 18           | 97.02797202797203  | +68.95    |
| 2022A7PS0134P | 30           | 95.1048951048951   | +62.95    |
| 2022A7PS0135P | 508          | 11.713286713286713 | -48.05    |
| 2022A7PS0136P | 494          | 13.986013986013985 | -45.05    |
| 2022A7PS0137P | 161          | 72.37762237762237  | +23.95    |
| 2022A7PS0138P | 130          | 77.97202797202797  | +29.95    |
| 2022A7PS0140P | 39           | 93.7062937062937   | +58.95    |
| 2022A7PS0141P | 39           | 93.7062937062937   | +58.95    |
| 2022A7PS0142P | 384          | 33.56643356643357  | -21.05    |
| 2022A7PS0143P | 462          | 20.104895104895103 | -37.05    |
| 2022A7PS0144P | 100          | 82.6923076923077   | +38.45    |
| 2022A7PS0145P | 26           | 95.8041958041958   | +63.95    |
| 2022A7PS0146P | 364          | 36.88811188811189  | -17.05    |
| 2022A7PS0147P | 26           | 95.8041958041958   | +63.95    |
| 2022A7PS0148P | 462          | 20.104895104895103 | -37.05    |
| 2022A7PS0150P | 202          | 65.03496503496503  | +13.95    |
| 2022A7PS0152P | 62           | 89.5104895104895   | +52.95    |
| 2022A7PS0153P | 82           | 86.18881118881119  | +47.95    |
| 2022A7PS0154P | 156          | 73.25174825174825  | +24.95    |
| 2022A7PS0155P | 481          | 16.258741258741257 | -41.05    |
| 2022A7PS0156P | 66           | 88.98601398601399  | +51.95    |
| 2022A7PS0157P | 518          | 9.965034965034965  | -50.05    |
| 2022A7PS0158P | 134          | 76.74825174825175  | +28.95    |
| 2022A7PS0159P | 48           | 92.13286713286713  | +56.95    |
| 2022A7PS0160P | 39           | 93.7062937062937   | +58.95    |
| 2022A7PS0164P | 53           | 91.25874125874125  | +54.95    |
| 2022A7PS0165P | 208          | 64.33566433566433  | +12.95    |
| 2022A7PS0166P | 270          | 53.671328671328666 | +2.95     |
| 2022A7PS0168P | 62           | 89.5104895104895   | +52.95    |
| 2022A7PS0170P | 193          | 67.13286713286713  | +15.95    |
| 2022A7PS0171P | 242          | 58.391608391608386 | +6.95     |
| 2022A7PS0172P | 39           | 93.7062937062937   | +58.95    |
| 2022A7PS0173P | 118          | 79.54545454545455  | +31.95    |
| 2022A7PS0174P | 14           | 97.90209790209789  | +72.95    |
| 2022A7PS0175P | 394          | 31.468531468531467 | -23.05    |
| 2022A7PS0177P | 62           | 89.5104895104895   | +52.95    |
| 2022A7PS0178P | 53           | 91.25874125874125  | +54.95    |
| 2022A7PS0180P | 122          | 79.19580419580419  | +30.95    |
| 2022A7PS0182P | 514          | 10.664335664335663 | -49.05    |
| 2022A7PS0183P | 122          | 79.19580419580419  | +30.95    |
| 2022A7PS0184P | 544          | 5.244755244755244  | -58.05    |
| 2022A7PS0185P | 562          | 2.097902097902098  | -66.05    |
| 2022A7PS0187P | 130          | 77.97202797202797  | +29.95    |
| 2022A7PS0189P | 475          | 17.132867132867133 | -39.55    |
| 2022A7PS0190P | 540          | 5.944055944055944  | -57.05    |
| 2022AAPS0194P | 494          | 13.986013986013985 | -45.05    |
| 2022A7PS0195P | 130          | 77.97202797202797  | +29.95    |
| 2022AAPS0198P | 3            | 99.82517482517483  | +86.95    |
| 2022AAPS0203P | 23           | 96.15384615384615  | +66.95    |
| 2022AAPS0204P | 12           | 98.25174825174825  | +74.95    |
| 2022AAPS0207P | 88           | 84.96503496503496  | +44.95    |
| 2022A3PS0209P | 338          | 41.60839160839161  | -9.05     |
| 2022AAPS0210P | 126          | 78.14685314685315  | +30.45    |
| 2022AAPS0211P | 437          | 23.95104895104895  | -33.05    |
| 2022AAPS0214P | 178          | 69.4055944055944   | +18.95    |
| 2022AAPS0215P | 326          | 43.531468531468526 | -7.05     |
| 2022AAPS0216P | 34           | 94.4055944055944   | +59.95    |
| 2022AAPS0217P | 308          | 46.85314685314685  | -5.05     |
| 2022AAPS0218P | 94           | 83.9160839160839   | +40.95    |
| 2022AAPS0219P | 138          | 76.3986013986014   | +27.95    |
| 2022A3PS0221P | 97           | 83.39160839160839  | +39.95    |
| 2022AAPS0222P | 79           | 86.36363636363636  | +48.45    |
| 2022A4PS0223P | 562          | 2.097902097902098  | -66.05    |
| 2022AAPS0226P | 53           | 91.25874125874125  | +54.95    |
| 2022AAPS0230P | 569          | 1.2237762237762237 | -68.05    |
| 2022AAPS0231P | 50           | 91.43356643356643  | +55.95    |
| 2022AAPS0232P | 30           | 95.1048951048951   | +62.95    |
| 2022AAPS0234P | 172          | 70.27972027972028  | +20.95    |
| 2022AAPS0235P | 494          | 13.986013986013985 | -45.05    |
| 2022AAPS0240P | 172          | 70.27972027972028  | +20.95    |
| 2022AAPS0241P | 292          | 49.47552447552447  | -1.05     |
| 2022AAPS0243P | 145          | 75.17482517482517  | +26.95    |
| 2022AAPS0244P | 250          | 56.99300699300699  | +5.95     |
| 2022AAPS0247P | 308          | 46.85314685314685  | -5.05     |
| 2022AAPS0248P | 39           | 93.7062937062937   | +58.95    |
| 2022AAPS0249P | 286          | 50.52447552447552  | -0.05     |
| 2022AAPS0250P | 569          | 1.2237762237762237 | -68.05    |
| 2022AAPS0251P | 172          | 70.27972027972028  | +20.95    |
| 2022AAPS0252P | 454          | 21.153846153846153 | -36.05    |
| 2022AAPS0253P | 66           | 88.98601398601399  | +51.95    |
| 2022A4PS0254P | 437          | 23.95104895104895  | -33.05    |
| 2022AAPS0255P | 540          | 5.944055944055944  | -57.05    |
| 2022AAPS0256P | 193          | 67.13286713286713  | +15.95    |
| 2022AAPS0257P | 499          | 13.111888111888112 | -46.05    |
| 2022AAPS0258P | 199          | 65.55944055944056  | +14.95    |
| 2022A3PS0260P | 48           | 92.13286713286713  | +56.95    |
| 2022AAPS0264P | 112          | 80.59440559440559  | +33.95    |
| 2022A3PS0265P | 134          | 76.74825174825175  | +28.95    |
| 2022AAPS0266P | 138          | 76.3986013986014   | +27.95    |
| 2022A3PS0282P | 354          | 38.63636363636363  | -14.05    |
| 2022AAPS0292P | 292          | 49.47552447552447  | -1.05     |
| 2022AAPS0300P | 346          | 39.86013986013986  | -12.05    |
| 2022AAPS0305P | 214          | 63.28671328671329  | +11.95    |
| 2022AAPS0311P | 8            | 98.95104895104895  | +82.95    |
| 2022AAPS0313P | 82           | 86.18881118881119  | +47.95    |
| 2022AAPS0314P | 122          | 79.19580419580419  | +30.95    |
| 2022AAPS0318P | 370          | 36.01398601398601  | -18.05    |
| 2022AAPS0321P | 236          | 59.26573426573426  | +7.95     |
| 2022AAPS0322P | 502          | 12.587412587412587 | -47.05    |
| 2022AAPS0323P | 66           | 88.98601398601399  | +51.95    |
| 2022AAPS0326P | 263          | 54.54545454545454  | +3.95     |
| 2022A3PS0327P | 97           | 83.39160839160839  | +39.95    |
| 2022A3PS0329P | 102          | 82.51748251748252  | +37.95    |
| 2022AAPS0331P | 214          | 63.28671328671329  | +11.95    |
| 2022AAPS0339P | 462          | 20.104895104895103 | -37.05    |
| 2022AAPS0344P | 346          | 39.86013986013986  | -12.05    |
| 2022AAPS0347P | 397          | 30.944055944055943 | -24.05    |
| 2022A4PS0355P | 405          | 29.545454545454543 | -26.05    |
| 2022A3PS0357P | 338          | 41.60839160839161  | -9.05     |
| 2022AAPS0358P | 202          | 65.03496503496503  | +13.95    |
| 2022AAPS0360P | 286          | 50.52447552447552  | -0.05     |
| 2022AAPS0363P | 106          | 81.81818181818181  | +36.95    |
| 2022A3PS0364P | 214          | 63.28671328671329  | +11.95    |
| 2022AAPS0366P | 270          | 53.671328671328666 | +2.95     |
| 2022AAPS0369P | 257          | 55.76923076923077  | +4.95     |
| 2022A4PS0372P | 242          | 58.391608391608386 | +6.95     |
| 2022A3PS0376P | 378          | 34.61538461538461  | -20.05    |
| 2022A3PS0377P | 236          | 59.26573426573426  | +7.95     |
| 2022A3PS0378P | 428          | 25.874125874125873 | -31.05    |
| 2022A3PS0380P | 370          | 36.01398601398601  | -18.05    |
| 2022A3PS0381P | 532          | 7.3426573426573425 | -54.05    |
| 2022A3PS0384P | 122          | 79.19580419580419  | +30.95    |
| 2022A3PS0387P | 257          | 55.76923076923077  | +4.95     |
| 2022A3PS0389P | 221          | 61.88811188811189  | +10.95    |
| 2022A3PS0392P | 58           | 90.38461538461539  | +53.95    |
| 2022A3PS0394P | 448          | 22.377622377622377 | -35.05    |
| 2022A8PS0397P | 66           | 88.98601398601399  | +51.95    |
| 2022A3PS0399P | 230          | 60.31468531468531  | +8.95     |
| 2022A3PS0402P | 419          | 27.27272727272727  | -29.05    |
| 2022A4PS0403P | 535          | 6.8181818181818175 | -55.05    |
| 2022A3PS0405P | 78           | 86.53846153846153  | +48.95    |
| 2022A3PS0406P | 150          | 74.30069930069929  | +25.95    |
| 2022A8PS0408P | 94           | 83.9160839160839   | +40.95    |
| 2022A3PS0410P | 484          | 15.734265734265733 | -42.05    |
| 2022A3PS0412P | 102          | 82.51748251748252  | +37.95    |
| 2022A3PS0418P | 19           | 96.85314685314685  | +68.45    |
| 2022A3PS0419P | 116          | 80.06993006993007  | +32.95    |
| 2022A3PS0420P | 208          | 64.33566433566433  | +12.95    |
| 2022A4PS0422P | 402          | 30.06993006993007  | -25.05    |
| 2022A8PS0424P | 413          | 28.496503496503497 | -28.05    |
| 2022A3PS0425P | 350          | 39.16083916083916  | -13.05    |
| 2022A3PS0427P | 471          | 18.356643356643357 | -39.05    |
| 2022A3PS0429P | 138          | 76.3986013986014   | +27.95    |
| 2022A3PS0430P | 263          | 54.54545454545454  | +3.95     |
| 2022A3PS0431P | 535          | 6.8181818181818175 | -55.05    |
| 2022A3PS0437P | 289          | 49.650349650349646 | -0.55     |
| 2022A3PS0441P | 308          | 46.85314685314685  | -5.05     |
| 2022A3PS0444P | 374          | 34.96503496503497  | -19.05    |
| 2022A3PS0445P | 546          | 4.72027972027972   | -59.05    |
| 2022A3PS0447P | 44           | 92.83216783216783  | +57.95    |
| 2022A3PS0448P | 53           | 91.25874125874125  | +54.95    |
| 2022A4PS0449P | 214          | 63.28671328671329  | +11.95    |
| 2022A3PS0450P | 230          | 60.31468531468531  | +8.95     |
| 2022A3PS0451P | 168          | 70.97902097902097  | +21.95    |
| 2022A3PS0454P | 292          | 49.47552447552447  | -1.05     |
| 2022A3PS0455P | 26           | 95.8041958041958   | +63.95    |
| 2022A3PS0456P | 178          | 69.4055944055944   | +18.95    |
| 2022A3PS0457P | 316          | 45.62937062937063  | -6.05     |
| 2022A3PS0458P | 99           | 82.86713286713287  | +38.95    |
| 2022A8PS0462P | 168          | 70.97902097902097  | +21.95    |
| 2022A3PS0465P | 326          | 43.531468531468526 | -7.05     |
| 2022A4PS0466P | 138          | 76.3986013986014   | +27.95    |
| 2022A3PS0467P | 344          | 40.20979020979021  | -11.55    |
| 2022A3PS0471P | 108          | 81.46853146853147  | +35.95    |
| 2022A3PS0473P | 300          | 48.07692307692307  | -3.05     |
| 2022A3PS0475P | 394          | 31.468531468531467 | -23.05    |
| 2022A3PS0476P | 242          | 58.391608391608386 | +6.95     |
| 2022A3PS0478P | 193          | 67.13286713286713  | +15.95    |
| 2022A3PS0479P | 214          | 63.28671328671329  | +11.95    |
| 2022A8PS0481P | 471          | 18.356643356643357 | -39.05    |
| 2022A3PS0483P | 91           | 84.26573426573427  | +42.95    |
| 2022A4PS0485P | 390          | 32.34265734265734  | -22.05    |
| 2022A4PS0490P | 226          | 61.01398601398601  | +9.95     |
| 2022A3PS0492P | 316          | 45.62937062937063  | -6.05     |
| 2022A3PS0493P | 208          | 64.33566433566433  | +12.95    |
| 2022A3PS0498P | 158          | 72.55244755244755  | +24.45    |
| 2022A3PS0500P | 508          | 11.713286713286713 | -48.05    |
| 2022A4PS0502P | 161          | 72.37762237762237  | +23.95    |
| 2022A3PS0503P | 214          | 63.28671328671329  | +11.95    |
| 2022A3PS0504P | 332          | 42.48251748251748  | -8.05     |
| 2022A3PS0507P | 428          | 25.874125874125873 | -31.05    |
| 2022A3PS0508P | 66           | 88.98601398601399  | +51.95    |
| 2022A3PS0510P | 556          | 3.1468531468531467 | -64.05    |
| 2022A8PS0511P | 565          | 1.3986013986013985 | -67.05    |
| 2022A8PS0515P | 186          | 68.18181818181817  | +16.95    |
| 2022A3PS0523P | 186          | 68.18181818181817  | +16.95    |
| 2022A3PS0526P | 230          | 60.31468531468531  | +8.95     |
| 2022A3PS0528P | 214          | 63.28671328671329  | +11.95    |
| 2022A1PS0530P | 448          | 22.377622377622377 | -35.05    |
| 2022A3PS0538P | 250          | 56.99300699300699  | +5.95     |
| 2022A8PS0540P | 378          | 34.61538461538461  | -20.05    |
| 2022A4PS0543P | 508          | 11.713286713286713 | -48.05    |
| 2022A4PS0545P | 508          | 11.713286713286713 | -48.05    |
| 2022A4PS0546P | 434          | 24.65034965034965  | -32.05    |
| 2022A4PS0556P | 32           | 94.58041958041957  | +61.95    |
| 2022A8PS0557P | 74           | 87.58741258741259  | +49.95    |
| 2022A4PS0558P | 292          | 49.47552447552447  | -1.05     |
| 2022A8PS0561P | 350          | 39.16083916083916  | -13.05    |
| 2022A8PS0564P | 354          | 38.63636363636363  | -14.05    |
| 2022A8PS0566P | 494          | 13.986013986013985 | -45.05    |
| 2022A8PS0567P | 186          | 68.18181818181817  | +16.95    |
| 2022A8PS0570P | 236          | 59.26573426573426  | +7.95     |
| 2022A8PS0572P | 405          | 29.545454545454543 | -26.05    |
| 2022A4PS0578P | 165          | 71.5034965034965   | +22.95    |
| 2022A8PS0583P | 484          | 15.734265734265733 | -42.05    |
| 2022A8PS0586P | 108          | 81.46853146853147  | +35.95    |
| 2022A8PS0587P | 270          | 53.671328671328666 | +2.95     |
| 2022A1PS0589P | 156          | 73.25174825174825  | +24.95    |
| 2022A8PS0590P | 390          | 32.34265734265734  | -22.05    |
| 2022A8PS0591P | 423          | 26.398601398601397 | -30.05    |
| 2022A1PS0593P | 332          | 42.48251748251748  | -8.05     |
| 2022A8PS0595P | 208          | 64.33566433566433  | +12.95    |
| 2022A4PS0599P | 354          | 38.63636363636363  | -14.05    |
| 2022A4PS0610P | 556          | 3.1468531468531467 | -64.05    |
| 2022A8PS0611P | 82           | 86.18881118881119  | +47.95    |
| 2022A4PS0615P | 499          | 13.111888111888112 | -46.05    |
| 2022A4PS0617P | 419          | 27.27272727272727  | -29.05    |
| 2022A8PS0619P | 316          | 45.62937062937063  | -6.05     |
| 2022A8PS0620P | 257          | 55.76923076923077  | +4.95     |
| 2022A8PS0622P | 282          | 51.04895104895105  | +0.95     |
| 2022A4PS0624P | 186          | 68.18181818181817  | +16.95    |
| 2022A4PS0626P | 405          | 29.545454545454543 | -26.05    |
| 2022A4PS0634P | 478          | 16.958041958041957 | -40.05    |
| 2022A4PS0640P | 122          | 79.19580419580419  | +30.95    |
| 2022A1PS0643P | 236          | 59.26573426573426  | +7.95     |
| 2022A4PS0649P | 92           | 84.0909090909091   | +41.95    |
| 2022A4PS0651P | 364          | 36.88811188811189  | -17.05    |
| 2022A4PS0660P | 384          | 33.56643356643357  | -21.05    |
| 2022A1PS0661P | 538          | 6.293706293706293  | -56.05    |
| 2022A4PS0669P | 378          | 34.61538461538461  | -20.05    |
| 2022A4PS0673P | 193          | 67.13286713286713  | +15.95    |
| 2022A4PS0675P | 193          | 67.13286713286713  | +15.95    |
| 2022A4PS0676P | 544          | 5.244755244755244  | -58.05    |
| 2022A4PS0680P | 397          | 30.944055944055943 | -24.05    |
| 2022A4PS0684P | 257          | 55.76923076923077  | +4.95     |
| 2022A4PS0689P | 170          | 70.45454545454545  | +21.45    |
| 2022A4PS0694P | 304          | 47.02797202797203  | -4.05     |
| 2022A4PS0697P | 145          | 75.17482517482517  | +26.95    |
| 2022A4PS0702P | 462          | 20.104895104895103 | -37.05    |
| 2022A4PS0703P | 242          | 58.391608391608386 | +6.95     |
| 2022A4PS0708P | 316          | 45.62937062937063  | -6.05     |
| 2022A1PS0714P | 486          | 15.209790209790208 | -43.05    |
| 2022A4PS0719P | 186          | 68.18181818181817  | +16.95    |
| 2022A4PS0723P | 402          | 30.06993006993007  | -25.05    |
| 2022A4PS0725P | 544          | 5.244755244755244  | -58.05    |
| 2022A4PS0738P | 338          | 41.60839160839161  | -9.05     |
| 2022A1PS0742P | 150          | 74.30069930069929  | +25.95    |
| 2022A4PS0747P | 118          | 79.54545454545455  | +31.95    |
| 2022A4PS0748P | 326          | 43.531468531468526 | -7.05     |
| 2022A4PS0749P | 454          | 21.153846153846153 | -36.05    |
| 2022A4PS0774P | 182          | 68.53146853146853  | +17.95    |
| 2022A4PS0781P | 250          | 56.99300699300699  | +5.95     |
| 2022A4PS0782P | 282          | 51.04895104895105  | +0.95     |
| 2022A1PS0784P | 370          | 36.01398601398601  | -18.05    |
| 2022A4PS0792P | 342          | 40.38461538461538  | -11.05    |
| 2022A4PS0795P | 529          | 7.867132867132867  | -53.05    |
| 2022A4PS0798P | 106          | 81.81818181818181  | +36.95    |
| 2022A4PS0806P | 278          | 52.09790209790209  | +1.95     |
| 2022A4PS0808P | 344          | 40.20979020979021  | -11.55    |
| 2022A1PS0820P | 419          | 27.27272727272727  | -29.05    |
| 2022A1PS0824P | 413          | 28.496503496503497 | -28.05    |
| 2022A4PS0827P | 448          | 22.377622377622377 | -35.05    |
| 2022A4PS0831P | 419          | 27.27272727272727  | -29.05    |
| 2022A1PS0832P | 390          | 32.34265734265734  | -22.05    |
| 2022A1PS0841P | 454          | 21.153846153846153 | -36.05    |
| 2022A4PS0843P | 499          | 13.111888111888112 | -46.05    |
| 2022A4PS0855P | 448          | 22.377622377622377 | -35.05    |
| 2022A4PS0868P | 165          | 71.5034965034965   | +22.95    |
| 2022A4PS0871P | 540          | 5.944055944055944  | -57.05    |
| 2022A1PS0883P | 502          | 12.587412587412587 | -47.05    |
| 2022A4PS0895P | 400          | 30.419580419580416 | -24.55    |
| 2022A4PS0896P | 481          | 16.258741258741257 | -41.05    |
| 2022A4PS0897P | 156          | 73.25174825174825  | +24.95    |
| 2022A4PS0899P | 292          | 49.47552447552447  | -1.05     |
| 2022A1PS0900P | 370          | 36.01398601398601  | -18.05    |
| 2022A4PS0902P | 441          | 23.426573426573427 | -34.05    |
| 2022A1PS0903P | 230          | 60.31468531468531  | +8.95     |
| 2022A4PS0911P | 478          | 16.958041958041957 | -40.05    |
| 2022A4PS0915P | 378          | 34.61538461538461  | -20.05    |
| 2022A4PS0919P | 116          | 80.06993006993007  | +32.95    |
| 2022A4PS0921P | 467          | 18.53146853146853  | -38.05    |
| 2022A4PS0924P | 462          | 20.104895104895103 | -37.05    |
| 2022A4PS0925P | 471          | 18.356643356643357 | -39.05    |
| 2022A4PS0926P | 257          | 55.76923076923077  | +4.95     |
| 2022A4PS0938P | 413          | 28.496503496503497 | -28.05    |
| 2022A4PS0941P | 270          | 53.671328671328666 | +2.95     |
| 2022A4PS0942P | 384          | 33.56643356643357  | -21.05    |
| 2022A1PS0946P | 559          | 2.622377622377622  | -65.05    |
| 2022A4PS0947P | 270          | 53.671328671328666 | +2.95     |
| 2022A1PS0948P | 175          | 69.58041958041957  | +19.95    |
| 2022A4PS0953P | 308          | 46.85314685314685  | -5.05     |
| 2022A4PS0955P | 462          | 20.104895104895103 | -37.05    |
| 2022A4PS0957P | 454          | 21.153846153846153 | -36.05    |
| 2022A1PS0959P | 122          | 79.19580419580419  | +30.95    |
| 2022A4PS0962P | 522          | 9.265734265734265  | -51.05    |
| 2022A4PS0965P | 490          | 14.685314685314685 | -44.05    |
| 2022A4PS0969P | 150          | 74.30069930069929  | +25.95    |
| 2022A4PS0973P | 413          | 28.496503496503497 | -28.05    |
| 2022A4PS0975P | 471          | 18.356643356643357 | -39.05    |
| 2022A1PS0982P | 419          | 27.27272727272727  | -29.05    |
| 2022A1PS0984P | 522          | 9.265734265734265  | -51.05    |
| 2022A1PS0992P | 354          | 38.63636363636363  | -14.05    |
| 2022A1PS1001P | 454          | 21.153846153846153 | -36.05    |
| 2022A1PS1022P | 161          | 72.37762237762237  | +23.95    |
| 2022A1PS1040P | 478          | 16.958041958041957 | -40.05    |
| 2022A1PS1043P | 221          | 61.88811188811189  | +10.95    |
| 2022A1PS1056P | 270          | 53.671328671328666 | +2.95     |
| 2022A1PS1057P | 338          | 41.60839160839161  | -9.05     |
| 2022A1PS1069P | 514          | 10.664335664335663 | -49.05    |
| 2022A1PS1075P | 208          | 64.33566433566433  | +12.95    |
| 2022A1PS1099P | 286          | 50.52447552447552  | -0.05     |
| 2022A1PS1104P | 326          | 43.531468531468526 | -7.05     |
| 2022A1PS1115P | 462          | 20.104895104895103 | -37.05    |
| 2022A1PS1126P | 462          | 20.104895104895103 | -37.05    |
| 2022A1PS1134P | 374          | 34.96503496503497  | -19.05    |
| 2022A1PS1149P | 226          | 61.01398601398601  | +9.95     |
| 2022A1PS1162P | 490          | 14.685314685314685 | -44.05    |
| 2022A7PS1168P | 550          | 4.195804195804196  | -61.05    |
| 2022A7PS1170P | 48           | 92.13286713286713  | +56.95    |
| 2022A7PS1171P | 316          | 45.62937062937063  | -6.05     |
| 2022A7PS1172P | 502          | 12.587412587412587 | -47.05    |
| 2022A7PS1173P | 95           | 83.56643356643356  | +40.45    |
| 2022A7PS1174P | 34           | 94.4055944055944   | +59.95    |
| 2022A7PS1175P | 10           | 98.42657342657343  | +75.95    |
| 2022A7PS1176P | 16           | 97.37762237762237  | +69.95    |
| 2022A7PS1177P | 116          | 80.06993006993007  | +32.95    |
| 2022A7PS1178P | 394          | 31.468531468531467 | -23.05    |
| 2022A7PS1179P | 546          | 4.72027972027972   | -59.05    |
| 2022A7PS1180P | 74           | 87.58741258741259  | +49.95    |
| 2022A7PS1181P | 413          | 28.496503496503497 | -28.05    |
| 2022A7PS1182P | 21           | 96.67832167832168  | +67.95    |
| 2022A7PS1183P | 514          | 10.664335664335663 | -49.05    |
| 2022A7PS1184P | 522          | 9.265734265734265  | -51.05    |
| 2022A7PS1186P | 88           | 84.96503496503496  | +44.95    |
| 2022A7PS1187P | 221          | 61.88811188811189  | +10.95    |
| 2022A7PS1188P | 130          | 77.97202797202797  | +29.95    |
| 2022A7PS1189P | 178          | 69.4055944055944   | +18.95    |
| 2022AAPS1191P | 296          | 48.6013986013986   | -2.05     |
| 2022AAPS1192P | 44           | 92.83216783216783  | +57.95    |
| 2022A3PS1194P | 34           | 94.4055944055944   | +59.95    |
| 2022A3PS1195P | 182          | 68.53146853146853  | +17.95    |
| 2022A3PS1196P | 221          | 61.88811188811189  | +10.95    |
| 2022A3PS1197P | 434          | 24.65034965034965  | -32.05    |
| 2022A3PS1198P | 70           | 87.93706293706293  | +50.95    |
| 2022A3PS1199P | 423          | 26.398601398601397 | -30.05    |
| 2022A3PS1200P | 66           | 88.98601398601399  | +51.95    |
| 2022A3PS1203P | 130          | 77.97202797202797  | +29.95    |
| 2022A3PS1204P | 326          | 43.531468531468526 | -7.05     |
| 2022A3PS1205P | 296          | 48.6013986013986   | -2.05     |
| 2022A3PS1206P | 114          | 80.24475524475524  | +33.45    |
| 2022A3PS1207P | 270          | 53.671328671328666 | +2.95     |
| 2022A3PS1208P | 370          | 36.01398601398601  | -18.05    |
| 2022A3PS1209P | 481          | 16.258741258741257 | -41.05    |
| 2022A8PS1210P | 208          | 64.33566433566433  | +12.95    |
| 2022A3PS1211P | 408          | 29.02097902097902  | -27.05    |
| 2022A3PS1212P | 58           | 90.38461538461539  | +53.95    |
| 2022A3PS1213P | 199          | 65.55944055944056  | +14.95    |
| 2022A3PS1214P | 74           | 87.58741258741259  | +49.95    |
| 2022A3PS1215P | 102          | 82.51748251748252  | +37.95    |
| 2022A3PS1216P | 226          | 61.01398601398601  | +9.95     |
| 2022A3PS1217P | 186          | 68.18181818181817  | +16.95    |
| 2022A3PS1218P | 142          | 75.34965034965035  | +27.45    |
| 2022A3PS1219P | 402          | 30.06993006993007  | -25.05    |
| 2022A3PS1220P | 102          | 82.51748251748252  | +37.95    |
| 2022A3PS1221P | 15           | 97.55244755244755  | +70.95    |
| 2022A3PS1222P | 441          | 23.426573426573427 | -34.05    |
| 2022A3PS1223P | 263          | 54.54545454545454  | +3.95     |
| 2022A3PS1224P | 300          | 48.07692307692307  | -3.05     |
| 2022A8PS1225P | 145          | 75.17482517482517  | +26.95    |
| 2022A3PS1226P | 193          | 67.13286713286713  | +15.95    |
| 2022A3PS1227P | 360          | 37.41258741258741  | -16.05    |
| 2022A3PS1228P | 300          | 48.07692307692307  | -3.05     |
| 2022A3PS1229P | 48           | 92.13286713286713  | +56.95    |
| 2022A3PS1230P | 168          | 70.97902097902097  | +21.95    |
| 2022A3PS1232P | 300          | 48.07692307692307  | -3.05     |
| 2022A3PS1233P | 199          | 65.55944055944056  | +14.95    |
| 2022A3PS1234P | 172          | 70.27972027972028  | +20.95    |
| 2022A8PS1235P | 82           | 86.18881118881119  | +47.95    |
| 2022A8PS1236P | 358          | 37.58741258741259  | -15.05    |
| 2022A8PS1238P | 250          | 56.99300699300699  | +5.95     |
| 2022A8PS1239P | 250          | 56.99300699300699  | +5.95     |
| 2022A8PS1240P | 138          | 76.3986013986014   | +27.95    |
| 2022A8PS1241P | 354          | 38.63636363636363  | -14.05    |
| 2022A8PS1243P | 316          | 45.62937062937063  | -6.05     |
| 2022A8PS1244P | 316          | 45.62937062937063  | -6.05     |
| 2022A8PS1245P | 156          | 73.25174825174825  | +24.95    |
| 2022A8PS1246P | 286          | 50.52447552447552  | -0.05     |
| 2022A8PS1248P | 44           | 92.83216783216783  | +57.95    |
| 2022A8PS1249P | 178          | 69.4055944055944   | +18.95    |
| 2022A8PS1250P | 462          | 20.104895104895103 | -37.05    |
| 2022A8PS1252P | 84           | 85.48951048951048  | +46.95    |
| 2022A8PS1253P | 529          | 7.867132867132867  | -53.05    |
| 2022A8PS1254P | 360          | 37.41258741258741  | -16.05    |
| 2022A8PS1255P | 202          | 65.03496503496503  | +13.95    |
| 2022A8PS1256P | 308          | 46.85314685314685  | -5.05     |
| 2022A8PS1258P | 423          | 26.398601398601397 | -30.05    |
| 2022A8PS1260P | 150          | 74.30069930069929  | +25.95    |
| 2022A8PS1261P | 303          | 47.2027972027972   | -3.55     |
| 2022A8PS1262P | 97           | 83.39160839160839  | +39.95    |
| 2022A8PS1263P | 138          | 76.3986013986014   | +27.95    |
| 2022A8PS1264P | 390          | 32.34265734265734  | -22.05    |
| 2022A8PS1265P | 332          | 42.48251748251748  | -8.05     |
| 2022A8PS1267P | 263          | 54.54545454545454  | +3.95     |
| 2022A4PS1272P | 221          | 61.88811188811189  | +10.95    |
| 2022A4PS1274P | 230          | 60.31468531468531  | +8.95     |
| 2022A4PS1275P | 165          | 71.5034965034965   | +22.95    |
| 2022A4PS1276P | 378          | 34.61538461538461  | -20.05    |
| 2022A4PS1277P | 282          | 51.04895104895105  | +0.95     |
| 2022A4PS1278P | 145          | 75.17482517482517  | +26.95    |
| 2022A4PS1279P | 364          | 36.88811188811189  | -17.05    |
| 2022A4PS1281P | 338          | 41.60839160839161  | -9.05     |
| 2022A4PS1283P | 242          | 58.391608391608386 | +6.95     |
| 2022A4PS1284P | 270          | 53.671328671328666 | +2.95     |
| 2022A4PS1287P | 364          | 36.88811188811189  | -17.05    |
| 2022A4PS1289P | 278          | 52.09790209790209  | +1.95     |
| 2022A4PS1291P | 322          | 43.88111888111888  | -6.55     |
| 2022A4PS1292P | 26           | 95.8041958041958   | +63.95    |
| 2022A4PS1293P | 263          | 54.54545454545454  | +3.95     |
| 2022A4PS1294P | 532          | 7.3426573426573425 | -54.05    |
| 2022A4PS1295P | 257          | 55.76923076923077  | +4.95     |
| 2022A4PS1296P | 236          | 59.26573426573426  | +7.95     |
| 2022A4PS1301P | 408          | 29.02097902097902  | -27.05    |
| 2022A1PS1306P | 74           | 87.58741258741259  | +49.95    |
| 2022A1PS1307P | 428          | 25.874125874125873 | -31.05    |
| 2022A1PS1311P | 193          | 67.13286713286713  | +15.95    |
| 2022A1PS1316P | 488          | 14.86013986013986  | -43.55    |
| 2022A1PS1322P | 338          | 41.60839160839161  | -9.05     |
| 2022A1PS1325P | 553          | 3.6713286713286712 | -62.05    |
| 2022A1PS1328P | 150          | 74.30069930069929  | +25.95    |
| 2022A1PS1330P | 522          | 9.265734265734265  | -51.05    |
| 2022A1PS1332P | 444          | 22.55244755244755  | -34.55    |
| 2022A1PS1339P | 400          | 30.419580419580416 | -24.55    |
| 2022A1PS1340P | 242          | 58.391608391608386 | +6.95     |
| 2022A1PS1342P | 518          | 9.965034965034965  | -50.05    |
| 2022A1PS1343P | 505          | 11.888111888111888 | -47.55    |
| 2022A1PS1351P | 518          | 9.965034965034965  | -50.05    |
| 2022A1PS1353P | 441          | 23.426573426573427 | -34.05    |
| 2022A1PS1354P | 322          | 43.88111888111888  | -6.55     |
| 2022A1PS1356P | 428          | 25.874125874125873 | -31.05    |
| 2022A1PS1360P | 300          | 48.07692307692307  | -3.05     |
| 2022A4PS1365P | 522          | 9.265734265734265  | -51.05    |
| 2022A8PS1560P | 286          | 50.52447552447552  | -0.05     |
| 2022A4PS1562P | 384          | 33.56643356643357  | -21.05    |
| 2022A4PS1563P | 378          | 34.61538461538461  | -20.05    |
| 2022A1PS1565P | 508          | 11.713286713286713 | -48.05    |
| 2022A1PS1567P | 559          | 2.622377622377622  | -65.05    |
| 2022A1PS1568P | 250          | 56.99300699300699  | +5.95     |
| 2022A1PS1571P | 518          | 9.965034965034965  | -50.05    |
| 2022A1PS1572P | 384          | 33.56643356643357  | -21.05    |
| 2022A1PS1573P | 471          | 18.356643356643357 | -39.05    |
| 2022A1PS1576P | 278          | 52.09790209790209  | +1.95     |
| 2022A1PS1578P | 350          | 39.16083916083916  | -13.05    |
| 2022A1PS1595P | 413          | 28.496503496503497 | -28.05    |
| 2022A1PS1596P | 428          | 25.874125874125873 | -31.05    |
| 2022A1PS1597P | 484          | 15.734265734265733 | -42.05    |
| 2022A1PS1598P | 569          | 1.2237762237762237 | -68.05    |
| 2022A1PS1610P | 364          | 36.88811188811189  | -17.05    |
| 2022A1PS1615P | 486          | 15.209790209790208 | -43.05    |
| 2022A1PS1631P | 562          | 2.097902097902098  | -66.05    |
| 2022A1PS1666P | 326          | 43.531468531468526 | -7.05     |
| 2022A1PS1667P | 471          | 18.356643356643357 | -39.05    |
| 2022A1PS1668P | 437          | 23.95104895104895  | -33.05    |
| 2022A1PS1695P | 150          | 74.30069930069929  | +25.95    |
| 2022A8PS1719P | 316          | 45.62937062937063  | -6.05     |
| 2022A8PS1720P | 308          | 46.85314685314685  | -5.05     |
| 2022A1PS1729P | 332          | 42.48251748251748  | -8.05     |
| 2022A1PS1730P | 569          | 1.2237762237762237 | -68.05    |
| 2022A8PS1731P | 308          | 46.85314685314685  | -5.05     |
| 2022A8PS1732P | 193          | 67.13286713286713  | +15.95    |
| 2022A7PS1733P | 242          | 58.391608391608386 | +6.95     |
| 2022A3PS1734P | 278          | 52.09790209790209  | +1.95     |
| 2020B5PS2011P | 526          | 8.216783216783217  | -52.05    |
| 2021D2TS2075P | 553          | 3.6713286713286712 | -62.05    |
+---------------+--------------+--------------------+-----------+