+---------------+--------------+--------------------+-----------+
| ID            | Rank (587)   | Percentile         | Av Plus   |
|---------------+--------------+--------------------+-----------|
| 2022A7PS0001P | 192          | 68.31345826235093  | +10.85    |
| 2022A7PS0003P | 7            | 98.97785349233389  | +36.35    |
| 2022A7PS0004P | 74           | 88.07495741056218  | +22.85    |
| 2022A7PS0005P | 424          | 28.79045996592845  | -12.15    |
| 2022A7PS0006P | 228          | 62.01022146507666  | +6.85     |
| 2022A7PS0007P | 546          | 7.155025553662691  | -28.15    |
| 2022A7PS0008P | 144          | 76.32027257240205  | +14.85    |
| 2022A7PS0009P | 96           | 84.83816013628619  | +19.85    |
| 2022A7PS0010P | 22           | 96.76320272572401  | +30.85    |
| 2022A7PS0011P | 350          | 41.05621805792163  | -4.15     |
| 2022A7PS0012P | 250          | 58.43270868824531  | +3.85     |
| 2022A7PS0013P | 192          | 68.31345826235093  | +10.85    |
| 2022A7PS0014P | 156          | 73.93526405451448  | +13.85    |
| 2022A4PS0015P | 313          | 47.018739352640544 | -0.65     |
| 2022A7PS0016P | 8            | 98.80749574105621  | +35.85    |
| 2022A7PS0017P | 466          | 20.954003407155025 | -16.65    |
| 2022AAPS0019P | 328          | 45.31516183986371  | -2.15     |
| 2022A8PS0020P | 328          | 45.31516183986371  | -2.15     |
| 2022AAPS0021P | 424          | 28.79045996592845  | -12.15    |
| 2022A3PS0022P | 491          | 17.035775127768314 | -19.15    |
| 2022A3PS0023P | 54           | 91.14139693356047  | +26.85    |
| 2022AAPS0025P | 58           | 90.45996592844975  | +26.35    |
| 2022A4PS0026P | 394          | 33.73083475298126  | -9.15     |
| 2022A3PS0027P | 86           | 86.03066439522998  | +20.85    |
| 2022AAPS0028P | 432          | 26.74616695059625  | -12.65    |
| 2022A7PS0031P | 509          | 14.1396933560477   | -22.15    |
| 2022A7PS0033P | 271          | 54.855195911413965 | +1.85     |
| 2022A3PS0034P | 482          | 18.56899488926746  | -18.15    |
| 2022A7PS0035P | 106          | 82.62350936967631  | +18.85    |
| 2022A7PS0036P | 28           | 95.74105621805792  | +30.35    |
| 2022A7PS0037P | 204          | 65.58773424190801  | +9.35     |
| 2022A7PS0038P | 444          | 25.04258943781942  | -14.15    |
| 2022A7PS0041P | 271          | 54.855195911413965 | +1.85     |
| 2022A7PS0042P | 58           | 90.45996592844975  | +26.35    |
| 2022A7PS0044P | 424          | 28.79045996592845  | -12.15    |
| 2022A7PS0045P | 4            | 99.65928449744463  | +36.85    |
| 2022A7PS0047P | 232          | 60.64735945485519  | +6.35     |
| 2022A7PS0049P | 96           | 84.83816013628619  | +19.85    |
| 2022A7PS0051P | 563          | 4.429301533219761  | -36.15    |
| 2022A7PS0052P | 520          | 11.925042589437819 | -24.15    |
| 2022A7PS0053P | 444          | 25.04258943781942  | -14.15    |
| 2022A7PS0054P | 340          | 43.27086882453151  | -3.15     |
| 2022A7PS0055P | 4            | 99.65928449744463  | +36.85    |
| 2022A7PS0056P | 32           | 95.05962521294718  | +29.85    |
| 2022A7PS0057P | 527          | 11.073253833049403 | -25.15    |
| 2022A7PS0058P | 444          | 25.04258943781942  | -14.15    |
| 2022A7PS0063P | 579          | 2.8960817717206133 | -42.15    |
| 2022A7PS0065P | 32           | 95.05962521294718  | +29.85    |
| 2022A7PS0067P | 235          | 60.30664395229983  | +5.85     |
| 2022A7PS0068P | 179          | 70.52810902896081  | +11.85    |
| 2022A7PS0069P | 366          | 38.16013628620102  | -6.15     |
| 2022A7PS0070P | 96           | 84.83816013628619  | +19.85    |
| 2022A7PS0073P | 534          | 9.540034071550256  | -26.15    |
| 2022A7PS0074P | 133          | 78.36456558773423  | +15.85    |
| 2022A7PS0075P | 271          | 54.855195911413965 | +1.85     |
| 2022A7PS0076P | 288          | 52.29982964224872  | +0.85     |
| 2022A7PS0077P | 579          | 2.8960817717206133 | -42.15    |
| 2022A7PS0078P | 200          | 66.43952299829643  | +9.85     |
| 2022A7PS0079P | 386          | 34.75298126064736  | -8.15     |
| 2022A7PS0080P | 40           | 93.8671209540034   | +28.85    |
| 2022A7PS0081P | 166          | 72.57240204429301  | +12.85    |
| 2022A7PS0082P | 404          | 32.19761499148211  | -10.15    |
| 2022A7PS0083P | 305          | 49.23339011925042  | -0.15     |
| 2022A7PS0084P | 11           | 98.63713798977854  | +34.85    |
| 2022A7PS0085P | 472          | 20.61328790459966  | -17.15    |
| 2022A7PS0086P | 278          | 52.981260647359456 | +1.35     |
| 2022A7PS0087P | 89           | 85.00851788756388  | +20.35    |
| 2022A7PS0088P | 133          | 78.36456558773423  | +15.85    |
| 2022A7PS0089P | 260          | 56.5587734241908   | +2.85     |
| 2022A7PS0091P | 106          | 82.62350936967631  | +18.85    |
| 2022A7PS0092P | 579          | 2.8960817717206133 | -42.15    |
| 2022A7PS0093P | 14           | 97.78534923339012  | +33.35    |
| 2022A7PS0094P | 86           | 86.03066439522998  | +20.85    |
| 2022A7PS0096P | 70           | 88.41567291311755  | +23.35    |
| 2022A7PS0097P | 133          | 78.36456558773423  | +15.85    |
| 2022A7PS0098P | 320          | 45.65587734241908  | -1.65     |
| 2022A7PS0100P | 358          | 39.69335604770017  | -5.15     |
| 2022A7PS0102P | 305          | 49.23339011925042  | -0.15     |
| 2022A7PS0103P | 86           | 86.03066439522998  | +20.85    |
| 2022A7PS0105P | 550          | 6.643952299829642  | -29.15    |
| 2022A7PS0106P | 579          | 2.8960817717206133 | -42.15    |
| 2022A7PS0107P | 216          | 64.05451448040886  | +7.85     |
| 2022A7PS0109P | 527          | 11.073253833049403 | -25.15    |
| 2022A7PS0110P | 250          | 58.43270868824531  | +3.85     |
| 2022A7PS0111P | 366          | 38.16013628620102  | -6.15     |
| 2022A7PS0113P | 166          | 72.57240204429301  | +12.85    |
| 2022A7PS0114P | 305          | 49.23339011925042  | -0.15     |
| 2022A7PS0115P | 260          | 56.5587734241908   | +2.85     |
| 2022A7PS0116P | 491          | 17.035775127768314 | -19.15    |
| 2022A7PS0118P | 317          | 46.50766609880749  | -1.15     |
| 2022A7PS0119P | 40           | 93.8671209540034   | +28.85    |
| 2022A7PS0120P | 404          | 32.19761499148211  | -10.15    |
| 2022A7PS0121P | 244          | 58.603066439523    | +4.35     |
| 2022A7PS0123P | 67           | 88.9267461669506   | +23.85    |
| 2022A7PS0124P | 340          | 43.27086882453151  | -3.15     |
| 2022A7PS0125P | 160          | 72.91311754684838  | +13.35    |
| 2022A7PS0126P | 305          | 49.23339011925042  | -0.15     |
| 2022A7PS0128P | 96           | 84.83816013628619  | +19.85    |
| 2022A7PS0130P | 472          | 20.61328790459966  | -17.15    |
| 2022A7PS0131P | 376          | 37.13798977853492  | -7.15     |
| 2022A7PS0132P | 579          | 2.8960817717206133 | -42.15    |
| 2022A7PS0133P | 86           | 86.03066439522998  | +20.85    |
| 2022A7PS0134P | 62           | 89.94889267461669  | +24.85    |
| 2022A7PS0135P | 386          | 34.75298126064736  | -8.15     |
| 2022A7PS0136P | 340          | 43.27086882453151  | -3.15     |
| 2022A7PS0137P | 208          | 65.07666098807495  | +8.85     |
| 2022A7PS0138P | 288          | 52.29982964224872  | +0.85     |
| 2022A7PS0140P | 18           | 97.27427597955706  | +31.85    |
| 2022A7PS0141P | 32           | 95.05962521294718  | +29.85    |
| 2022A7PS0142P | 250          | 58.43270868824531  | +3.85     |
| 2022A7PS0143P | 317          | 46.50766609880749  | -1.15     |
| 2022A7PS0144P | 124          | 79.55706984667802  | +16.85    |
| 2022A7PS0145P | 44           | 92.8449744463373   | +28.35    |
| 2022A7PS0146P | 542          | 8.517887563884157  | -27.15    |
| 2022A7PS0147P | 44           | 92.8449744463373   | +28.35    |
| 2022A7PS0148P | 288          | 52.29982964224872  | +0.85     |
| 2022A7PS0150P | 116          | 81.09028960817717  | +17.85    |
| 2022A7PS0152P | 350          | 41.05621805792163  | -4.15     |
| 2022A7PS0153P | 80           | 86.88245315161839  | +21.85    |
| 2022A7PS0154P | 271          | 54.855195911413965 | +1.85     |
| 2022A7PS0155P | 491          | 17.035775127768314 | -19.15    |
| 2022A7PS0156P | 288          | 52.29982964224872  | +0.85     |
| 2022A7PS0157P | 394          | 33.73083475298126  | -9.15     |
| 2022A7PS0158P | 350          | 41.05621805792163  | -4.15     |
| 2022A7PS0159P | 204          | 65.58773424190801  | +9.35     |
| 2022A7PS0160P | 15           | 97.61499148211243  | +32.85    |
| 2022A7PS0164P | 11           | 98.63713798977854  | +34.85    |
| 2022A7PS0165P | 133          | 78.36456558773423  | +15.85    |
| 2022A7PS0166P | 166          | 72.57240204429301  | +12.85    |
| 2022A7PS0168P | 116          | 81.09028960817717  | +17.85    |
| 2022A7PS0169P | 152          | 74.61669505962521  | +14.35    |
| 2022A7PS0170P | 358          | 39.69335604770017  | -5.15     |
| 2022A7PS0171P | 350          | 41.05621805792163  | -4.15     |
| 2022A7PS0172P | 16           | 97.44463373083475  | +32.35    |
| 2022A7PS0173P | 139          | 76.49063032367972  | +15.35    |
| 2022A7PS0174P | 133          | 78.36456558773423  | +15.85    |
| 2022A7PS0175P | 260          | 56.5587734241908   | +2.85     |
| 2022A7PS0177P | 436          | 26.405451448040886 | -13.15    |
| 2022A7PS0178P | 54           | 91.14139693356047  | +26.85    |
| 2022A7PS0180P | 96           | 84.83816013628619  | +19.85    |
| 2022A7PS0182P | 404          | 32.19761499148211  | -10.15    |
| 2022A7PS0183P | 440          | 25.212947189097104 | -13.65    |
| 2022A7PS0184P | 235          | 60.30664395229983  | +5.85     |
| 2022A7PS0185P | 554          | 5.9625212947189095 | -30.15    |
| 2022A7PS0187P | 28           | 95.74105621805792  | +30.35    |
| 2022A7PS0189P | 414          | 30.323679727427596 | -11.15    |
| 2022A7PS0190P | 376          | 37.13798977853492  | -7.15     |
| 2022AAPS0194P | 534          | 9.540034071550256  | -26.15    |
| 2022A7PS0195P | 516          | 12.606473594548552 | -23.15    |
| 2022AAPS0198P | 152          | 74.61669505962521  | +14.35    |
| 2022AAPS0203P | 250          | 58.43270868824531  | +3.85     |
| 2022AAPS0204P | 52           | 91.48211243611584  | +27.35    |
| 2022AAPS0207P | 208          | 65.07666098807495  | +8.85     |
| 2022A3PS0209P | 305          | 49.23339011925042  | -0.15     |
| 2022AAPS0210P | 144          | 76.32027257240205  | +14.85    |
| 2022AAPS0211P | 216          | 64.05451448040886  | +7.85     |
| 2022AAPS0214P | 96           | 84.83816013628619  | +19.85    |
| 2022AAPS0215P | 340          | 43.27086882453151  | -3.15     |
| 2022AAPS0216P | 62           | 89.94889267461669  | +24.85    |
| 2022AAPS0217P | 340          | 43.27086882453151  | -3.15     |
| 2022AAPS0218P | 179          | 70.52810902896081  | +11.85    |
| 2022AAPS0219P | 298          | 49.57410562180579  | +0.35     |
| 2022A3PS0221P | 116          | 81.09028960817717  | +17.85    |
| 2022AAPS0222P | 328          | 45.31516183986371  | -2.15     |
| 2022A4PS0223P | 466          | 20.954003407155025 | -16.65    |
| 2022AAPS0226P | 144          | 76.32027257240205  | +14.85    |
| 2022AAPS0230P | 567          | 3.5775127768313455 | -38.15    |
| 2022AAPS0231P | 80           | 86.88245315161839  | +21.85    |
| 2022AAPS0232P | 228          | 62.01022146507666  | +6.85     |
| 2022AAPS0234P | 328          | 45.31516183986371  | -2.15     |
| 2022AAPS0235P | 527          | 11.073253833049403 | -25.15    |
| 2022AAPS0240P | 358          | 39.69335604770017  | -5.15     |
| 2022AAPS0241P | 22           | 96.76320272572401  | +30.85    |
| 2022AAPS0243P | 106          | 82.62350936967631  | +18.85    |
| 2022AAPS0244P | 32           | 95.05962521294718  | +29.85    |
| 2022AAPS0247P | 228          | 62.01022146507666  | +6.85     |
| 2022AAPS0248P | 40           | 93.8671209540034   | +28.85    |
| 2022AAPS0249P | 144          | 76.32027257240205  | +14.85    |
| 2022AAPS0250P | 559          | 4.940374787052811  | -33.15    |
| 2022AAPS0251P | 144          | 76.32027257240205  | +14.85    |
| 2022AAPS0252P | 482          | 18.56899488926746  | -18.15    |
| 2022AAPS0253P | 11           | 98.63713798977854  | +34.85    |
| 2022A4PS0254P | 472          | 20.61328790459966  | -17.15    |
| 2022AAPS0255P | 550          | 6.643952299829642  | -29.15    |
| 2022AAPS0256P | 74           | 88.07495741056218  | +22.85    |
| 2022AAPS0257P | 414          | 30.323679727427596 | -11.15    |
| 2022AAPS0258P | 288          | 52.29982964224872  | +0.85     |
| 2022A3PS0260P | 4            | 99.65928449744463  | +36.85    |
| 2022AAPS0264P | 172          | 70.86882453151618  | +12.35    |
| 2022A3PS0265P | 452          | 23.679727427597953 | -15.15    |
| 2022AAPS0268P | 144          | 76.32027257240205  | +14.85    |
| 2022A3PS0282P | 472          | 20.61328790459966  | -17.15    |
| 2022AAPS0292P | 232          | 60.64735945485519  | +6.35     |
| 2022AAPS0300P | 472          | 20.61328790459966  | -17.15    |
| 2022AAPS0305P | 144          | 76.32027257240205  | +14.85    |
| 2022AAPS0311P | 54           | 91.14139693356047  | +26.85    |
| 2022AAPS0313P | 156          | 73.93526405451448  | +13.85    |
| 2022AAPS0314P | 179          | 70.52810902896081  | +11.85    |
| 2022AAPS0321P | 579          | 2.8960817717206133 | -42.15    |
| 2022AAPS0322P | 456          | 22.48722316865417  | -15.65    |
| 2022AAPS0323P | 59           | 90.11925042589438  | +25.85    |
| 2022AAPS0326P | 160          | 72.91311754684838  | +13.35    |
| 2022A3PS0327P | 460          | 22.31686541737649  | -16.15    |
| 2022A3PS0329P | 271          | 54.855195911413965 | +1.85     |
| 2022AAPS0331P | 166          | 72.57240204429301  | +12.85    |
| 2022AAPS0339P | 250          | 58.43270868824531  | +3.85     |
| 2022AAPS0344P | 240          | 59.6252129471891   | +4.85     |
| 2022AAPS0347P | 152          | 74.61669505962521  | +14.35    |
| 2022A4PS0355P | 22           | 96.76320272572401  | +30.85    |
| 2022A3PS0357P | 502          | 14.991482112436115 | -21.15    |
| 2022AAPS0358P | 48           | 92.33390119250426  | +27.85    |
| 2022AAPS0360P | 520          | 11.925042589437819 | -24.15    |
| 2022AAPS0363P | 4            | 99.65928449744463  | +36.85    |
| 2022A3PS0364P | 124          | 79.55706984667802  | +16.85    |
| 2022AAPS0366P | 192          | 68.31345826235093  | +10.85    |
| 2022AAPS0369P | 491          | 17.035775127768314 | -19.15    |
| 2022A4PS0372P | 18           | 97.27427597955706  | +31.85    |
| 2022A3PS0375P | 288          | 52.29982964224872  | +0.85     |
| 2022A3PS0376P | 317          | 46.50766609880749  | -1.15     |
| 2022A3PS0377P | 497          | 15.843270868824531 | -20.15    |
| 2022A3PS0378P | 554          | 5.9625212947189095 | -30.15    |
| 2022A3PS0380P | 548          | 6.814310051107325  | -28.65    |
| 2022A3PS0381P | 520          | 11.925042589437819 | -24.15    |
| 2022A3PS0384P | 40           | 93.8671209540034   | +28.85    |
| 2022A3PS0387P | 328          | 45.31516183986371  | -2.15     |
| 2022A3PS0389P | 444          | 25.04258943781942  | -14.15    |
| 2022A3PS0392P | 260          | 56.5587734241908   | +2.85     |
| 2022A3PS0394P | 354          | 40.03407155025553  | -4.65     |
| 2022A8PS0397P | 48           | 92.33390119250426  | +27.85    |
| 2022A3PS0399P | 460          | 22.31686541737649  | -16.15    |
| 2022A3PS0402P | 527          | 11.073253833049403 | -25.15    |
| 2022A4PS0403P | 509          | 14.1396933560477   | -22.15    |
| 2022A3PS0405P | 542          | 8.517887563884157  | -27.15    |
| 2022A3PS0406P | 414          | 30.323679727427596 | -11.15    |
| 2022A8PS0408P | 96           | 84.83816013628619  | +19.85    |
| 2022A3PS0410P | 509          | 14.1396933560477   | -22.15    |
| 2022A3PS0412P | 418          | 28.960817717206133 | -11.65    |
| 2022A3PS0418P | 156          | 73.93526405451448  | +13.85    |
| 2022A3PS0419P | 74           | 88.07495741056218  | +22.85    |
| 2022A3PS0420P | 152          | 74.61669505962521  | +14.35    |
| 2022A4PS0422P | 414          | 30.323679727427596 | -11.15    |
| 2022A8PS0424P | 542          | 8.517887563884157  | -27.15    |
| 2022A3PS0425P | 74           | 88.07495741056218  | +22.85    |
| 2022A3PS0427P | 414          | 30.323679727427596 | -11.15    |
| 2022A3PS0429P | 110          | 81.43100511073254  | +18.35    |
| 2022A3PS0430P | 133          | 78.36456558773423  | +15.85    |
| 2022A3PS0431P | 288          | 52.29982964224872  | +0.85     |
| 2022A3PS0437P | 260          | 56.5587734241908   | +2.85     |
| 2022A3PS0441P | 192          | 68.31345826235093  | +10.85    |
| 2022A3PS0444P | 579          | 2.8960817717206133 | -42.15    |
| 2022A3PS0445P | 386          | 34.75298126064736  | -8.15     |
| 2022A3PS0447P | 394          | 33.73083475298126  | -9.15     |
| 2022A3PS0448P | 106          | 82.62350936967631  | +18.85    |
| 2022A4PS0449P | 36           | 94.20783645655877  | +29.35    |
| 2022A3PS0450P | 192          | 68.31345826235093  | +10.85    |
| 2022A3PS0451P | 271          | 54.855195911413965 | +1.85     |
| 2022A3PS0454P | 260          | 56.5587734241908   | +2.85     |
| 2022A3PS0455P | 40           | 93.8671209540034   | +28.85    |
| 2022A3PS0456P | 179          | 70.52810902896081  | +11.85    |
| 2022A3PS0457P | 216          | 64.05451448040886  | +7.85     |
| 2022A3PS0458P | 156          | 73.93526405451448  | +13.85    |
| 2022A8PS0462P | 67           | 88.9267461669506   | +23.85    |
| 2022A3PS0465P | 404          | 32.19761499148211  | -10.15    |
| 2022A4PS0466P | 96           | 84.83816013628619  | +19.85    |
| 2022A3PS0467P | 509          | 14.1396933560477   | -22.15    |
| 2022A3PS0473P | 376          | 37.13798977853492  | -7.15     |
| 2022A3PS0476P | 386          | 34.75298126064736  | -8.15     |
| 2022A3PS0478P | 96           | 84.83816013628619  | +19.85    |
| 2022A3PS0479P | 527          | 11.073253833049403 | -25.15    |
| 2022A8PS0481P | 444          | 25.04258943781942  | -14.15    |
| 2022A3PS0483P | 216          | 64.05451448040886  | +7.85     |
| 2022A3PS0484P | 436          | 26.405451448040886 | -13.15    |
| 2022A4PS0485P | 278          | 52.981260647359456 | +1.35     |
| 2022A4PS0490P | 70           | 88.41567291311755  | +23.35    |
| 2022A3PS0492P | 2            | 100.0              | +37.85    |
| 2022A3PS0493P | 124          | 79.55706984667802  | +16.85    |
| 2022A3PS0498P | 133          | 78.36456558773423  | +15.85    |
| 2022A3PS0500P | 491          | 17.035775127768314 | -19.15    |
| 2022A4PS0502P | 28           | 95.74105621805792  | +30.35    |
| 2022A3PS0503P | 516          | 12.606473594548552 | -23.15    |
| 2022A3PS0504P | 192          | 68.31345826235093  | +10.85    |
| 2022A3PS0507P | 394          | 33.73083475298126  | -9.15     |
| 2022A3PS0508P | 305          | 49.23339011925042  | -0.15     |
| 2022A3PS0510P | 472          | 20.61328790459966  | -17.15    |
| 2022A8PS0511P | 579          | 2.8960817717206133 | -42.15    |
| 2022A8PS0515P | 204          | 65.58773424190801  | +9.35     |
| 2022A3PS0523P | 156          | 73.93526405451448  | +13.85    |
| 2022A3PS0526P | 328          | 45.31516183986371  | -2.15     |
| 2022A3PS0528P | 166          | 72.57240204429301  | +12.85    |
| 2022A1PS0530P | 376          | 37.13798977853492  | -7.15     |
| 2022A3PS0538P | 436          | 26.405451448040886 | -13.15    |
| 2022A8PS0539P | 340          | 43.27086882453151  | -3.15     |
| 2022A8PS0540P | 80           | 86.88245315161839  | +21.85    |
| 2022A4PS0543P | 288          | 52.29982964224872  | +0.85     |
| 2022A4PS0545P | 509          | 14.1396933560477   | -22.15    |
| 2022A4PS0546P | 366          | 38.16013628620102  | -6.15     |
| 2022A4PS0556P | 11           | 98.63713798977854  | +34.85    |
| 2022A4PS0558P | 320          | 45.65587734241908  | -1.65     |
| 2022A8PS0561P | 133          | 78.36456558773423  | +15.85    |
| 2022A8PS0564P | 376          | 37.13798977853492  | -7.15     |
| 2022A8PS0566P | 376          | 37.13798977853492  | -7.15     |
| 2022A8PS0567P | 317          | 46.50766609880749  | -1.15     |
| 2022A8PS0570P | 350          | 41.05621805792163  | -4.15     |
| 2022A8PS0572P | 460          | 22.31686541737649  | -16.15    |
| 2022A4PS0578P | 102          | 82.793867120954    | +19.35    |
| 2022A8PS0583P | 260          | 56.5587734241908   | +2.85     |
| 2022A8PS0586P | 179          | 70.52810902896081  | +11.85    |
| 2022A8PS0587P | 317          | 46.50766609880749  | -1.15     |
| 2022A1PS0589P | 11           | 98.63713798977854  | +34.85    |
| 2022A8PS0590P | 444          | 25.04258943781942  | -14.15    |
| 2022A8PS0591P | 179          | 70.52810902896081  | +11.85    |
| 2022A1PS0593P | 386          | 34.75298126064736  | -8.15     |
| 2022A8PS0595P | 460          | 22.31686541737649  | -16.15    |
| 2022A4PS0599P | 271          | 54.855195911413965 | +1.85     |
| 2022A4PS0610P | 579          | 2.8960817717206133 | -42.15    |
| 2022A8PS0611P | 28           | 95.74105621805792  | +30.35    |
| 2022A4PS0615P | 358          | 39.69335604770017  | -5.15     |
| 2022A8PS0619P | 192          | 68.31345826235093  | +10.85    |
| 2022A8PS0620P | 179          | 70.52810902896081  | +11.85    |
| 2022A8PS0622P | 404          | 32.19761499148211  | -10.15    |
| 2022A4PS0624P | 86           | 86.03066439522998  | +20.85    |
| 2022A4PS0626P | 313          | 47.018739352640544 | -0.65     |
| 2022A4PS0634P | 502          | 14.991482112436115 | -21.15    |
| 2022A4PS0640P | 208          | 65.07666098807495  | +8.85     |
| 2022A1PS0643P | 77           | 87.05281090289608  | +22.35    |
| 2022A4PS0649P | 80           | 86.88245315161839  | +21.85    |
| 2022A4PS0651P | 106          | 82.62350936967631  | +18.85    |
| 2022A4PS0660P | 156          | 73.93526405451448  | +13.85    |
| 2022A1PS0661P | 497          | 15.843270868824531 | -20.15    |
| 2022A4PS0669P | 240          | 59.6252129471891   | +4.85     |
| 2022A4PS0673P | 240          | 59.6252129471891   | +4.85     |
| 2022A4PS0675P | 124          | 79.55706984667802  | +16.85    |
| 2022A4PS0676P | 166          | 72.57240204429301  | +12.85    |
| 2022A4PS0680P | 216          | 64.05451448040886  | +7.85     |
| 2022A4PS0684P | 452          | 23.679727427597953 | -15.15    |
| 2022A4PS0689P | 350          | 41.05621805792163  | -4.15     |
| 2022A4PS0694P | 340          | 43.27086882453151  | -3.15     |
| 2022A4PS0697P | 44           | 92.8449744463373   | +28.35    |
| 2022A4PS0702P | 497          | 15.843270868824531 | -20.15    |
| 2022A4PS0703P | 340          | 43.27086882453151  | -3.15     |
| 2022A4PS0708P | 288          | 52.29982964224872  | +0.85     |
| 2022A1PS0714P | 211          | 64.22487223168653  | +8.35     |
| 2022A4PS0716P | 497          | 15.843270868824531 | -20.15    |
| 2022A4PS0719P | 305          | 49.23339011925042  | -0.15     |
| 2022A4PS0723P | 542          | 8.517887563884157  | -27.15    |
| 2022A4PS0725P | 556          | 5.621805792163543  | -31.15    |
| 2022A4PS0738P | 328          | 45.31516183986371  | -2.15     |
| 2022A1PS0742P | 482          | 18.56899488926746  | -18.15    |
| 2022A4PS0747P | 358          | 39.69335604770017  | -5.15     |
| 2022A4PS0748P | 376          | 37.13798977853492  | -7.15     |
| 2022A4PS0749P | 502          | 14.991482112436115 | -21.15    |
| 2022A4PS0781P | 40           | 93.8671209540034   | +28.85    |
| 2022A4PS0782P | 208          | 65.07666098807495  | +8.85     |
| 2022A1PS0784P | 424          | 28.79045996592845  | -12.15    |
| 2022A4PS0792P | 366          | 38.16013628620102  | -6.15     |
| 2022A4PS0795P | 516          | 12.606473594548552 | -23.15    |
| 2022A4PS0798P | 228          | 62.01022146507666  | +6.85     |
| 2022A4PS0806P | 192          | 68.31345826235093  | +10.85    |
| 2022A4PS0808P | 250          | 58.43270868824531  | +3.85     |
| 2022A1PS0820P | 288          | 52.29982964224872  | +0.85     |
| 2022A1PS0824P | 534          | 9.540034071550256  | -26.15    |
| 2022A4PS0827P | 288          | 52.29982964224872  | +0.85     |
| 2022A4PS0831P | 313          | 47.018739352640544 | -0.65     |
| 2022A1PS0832P | 354          | 40.03407155025553  | -4.65     |
| 2022A1PS0841P | 424          | 28.79045996592845  | -12.15    |
| 2022A4PS0843P | 116          | 81.09028960817717  | +17.85    |
| 2022A4PS0855P | 394          | 33.73083475298126  | -9.15     |
| 2022A4PS0868P | 222          | 62.52129471890971  | +7.35     |
| 2022A4PS0871P | 491          | 17.035775127768314 | -19.15    |
| 2022A1PS0883P | 166          | 72.57240204429301  | +12.85    |
| 2022A4PS0895P | 424          | 28.79045996592845  | -12.15    |
| 2022A4PS0896P | 502          | 14.991482112436115 | -21.15    |
| 2022A4PS0897P | 179          | 70.52810902896081  | +11.85    |
| 2022A4PS0899P | 166          | 72.57240204429301  | +12.85    |
| 2022A1PS0900P | 358          | 39.69335604770017  | -5.15     |
| 2022A4PS0902P | 472          | 20.61328790459966  | -17.15    |
| 2022A1PS0903P | 376          | 37.13798977853492  | -7.15     |
| 2022A4PS0911P | 298          | 49.57410562180579  | +0.35     |
| 2022A4PS0915P | 436          | 26.405451448040886 | -13.15    |
| 2022A4PS0919P | 133          | 78.36456558773423  | +15.85    |
| 2022A4PS0921P | 144          | 76.32027257240205  | +14.85    |
| 2022A4PS0924P | 54           | 91.14139693356047  | +26.85    |
| 2022A4PS0926P | 179          | 70.52810902896081  | +11.85    |
| 2022A4PS0938P | 527          | 11.073253833049403 | -25.15    |
| 2022A4PS0941P | 96           | 84.83816013628619  | +19.85    |
| 2022A4PS0942P | 542          | 8.517887563884157  | -27.15    |
| 2022A4PS0945P | 579          | 2.8960817717206133 | -42.15    |
| 2022A1PS0946P | 444          | 25.04258943781942  | -14.15    |
| 2022A4PS0947P | 192          | 68.31345826235093  | +10.85    |
| 2022A1PS0948P | 179          | 70.52810902896081  | +11.85    |
| 2022A4PS0953P | 366          | 38.16013628620102  | -6.15     |
| 2022A4PS0955P | 340          | 43.27086882453151  | -3.15     |
| 2022A4PS0957P | 250          | 58.43270868824531  | +3.85     |
| 2022A1PS0959P | 288          | 52.29982964224872  | +0.85     |
| 2022A4PS0962P | 460          | 22.31686541737649  | -16.15    |
| 2022A4PS0965P | 208          | 65.07666098807495  | +8.85     |
| 2022A4PS0969P | 414          | 30.323679727427596 | -11.15    |
| 2022A4PS0973P | 452          | 23.679727427597953 | -15.15    |
| 2022A4PS0975P | 527          | 11.073253833049403 | -25.15    |
| 2022A1PS0982P | 404          | 32.19761499148211  | -10.15    |
| 2022A1PS0984P | 527          | 11.073253833049403 | -25.15    |
| 2022A1PS0992P | 288          | 52.29982964224872  | +0.85     |
| 2022A1PS1001P | 424          | 28.79045996592845  | -12.15    |
| 2022A1PS1022P | 376          | 37.13798977853492  | -7.15     |
| 2022A1PS1040P | 200          | 66.43952299829643  | +9.85     |
| 2022A1PS1043P | 436          | 26.405451448040886 | -13.15    |
| 2022A1PS1056P | 482          | 18.56899488926746  | -18.15    |
| 2022A1PS1057P | 133          | 78.36456558773423  | +15.85    |
| 2022A1PS1069P | 452          | 23.679727427597953 | -15.15    |
| 2022A1PS1099P | 271          | 54.855195911413965 | +1.85     |
| 2022A1PS1104P | 579          | 2.8960817717206133 | -42.15    |
| 2022A1PS1115P | 250          | 58.43270868824531  | +3.85     |
| 2022A1PS1126P | 550          | 6.643952299829642  | -29.15    |
| 2022A1PS1134P | 452          | 23.679727427597953 | -15.15    |
| 2022A1PS1149P | 124          | 79.55706984667802  | +16.85    |
| 2022A1PS1162P | 340          | 43.27086882453151  | -3.15     |
| 2022A7PS1168P | 566          | 3.918228279386712  | -37.15    |
| 2022A7PS1169P | 534          | 9.540034071550256  | -26.15    |
| 2022A7PS1170P | 305          | 49.23339011925042  | -0.15     |
| 2022A7PS1171P | 116          | 81.09028960817717  | +17.85    |
| 2022A7PS1172P | 534          | 9.540034071550256  | -26.15    |
| 2022A7PS1173P | 560          | 4.770017035775128  | -34.15    |
| 2022A7PS1174P | 62           | 89.94889267461669  | +24.85    |
| 2022A7PS1175P | 192          | 68.31345826235093  | +10.85    |
| 2022A7PS1176P | 192          | 68.31345826235093  | +10.85    |
| 2022A7PS1177P | 376          | 37.13798977853492  | -7.15     |
| 2022A7PS1178P | 340          | 43.27086882453151  | -3.15     |
| 2022A7PS1179P | 558          | 5.281090289608177  | -32.15    |
| 2022A7PS1180P | 216          | 64.05451448040886  | +7.85     |
| 2022A7PS1181P | 250          | 58.43270868824531  | +3.85     |
| 2022A7PS1182P | 216          | 64.05451448040886  | +7.85     |
| 2022A7PS1183P | 534          | 9.540034071550256  | -26.15    |
| 2022A7PS1184P | 472          | 20.61328790459966  | -17.15    |
| 2022A7PS1185P | 260          | 56.5587734241908   | +2.85     |
| 2022A7PS1186P | 482          | 18.56899488926746  | -18.15    |
| 2022A7PS1187P | 186          | 68.6541737649063   | +11.35    |
| 2022A7PS1188P | 472          | 20.61328790459966  | -17.15    |
| 2022A7PS1189P | 62           | 89.94889267461669  | +24.85    |
| 2022AAPS1191P | 366          | 38.16013628620102  | -6.15     |
| 2022AAPS1192P | 48           | 92.33390119250426  | +27.85    |
| 2022A3PS1194P | 36           | 94.20783645655877  | +29.35    |
| 2022A3PS1195P | 216          | 64.05451448040886  | +7.85     |
| 2022A3PS1196P | 497          | 15.843270868824531 | -20.15    |
| 2022A3PS1197P | 542          | 8.517887563884157  | -27.15    |
| 2022A3PS1198P | 305          | 49.23339011925042  | -0.15     |
| 2022A3PS1199P | 482          | 18.56899488926746  | -18.15    |
| 2022A3PS1200P | 62           | 89.94889267461669  | +24.85    |
| 2022A3PS1203P | 133          | 78.36456558773423  | +15.85    |
| 2022A3PS1204P | 424          | 28.79045996592845  | -12.15    |
| 2022A3PS1205P | 240          | 59.6252129471891   | +4.85     |
| 2022A3PS1206P | 271          | 54.855195911413965 | +1.85     |
| 2022A3PS1207P | 22           | 96.76320272572401  | +30.85    |
| 2022A3PS1208P | 305          | 49.23339011925042  | -0.15     |
| 2022A3PS1209P | 376          | 37.13798977853492  | -7.15     |
| 2022A8PS1210P | 216          | 64.05451448040886  | +7.85     |
| 2022A3PS1211P | 579          | 2.8960817717206133 | -42.15    |
| 2022A3PS1212P | 120          | 79.72742759795571  | +17.35    |
| 2022A3PS1213P | 579          | 2.8960817717206133 | -42.15    |
| 2022A3PS1214P | 116          | 81.09028960817717  | +17.85    |
| 2022A3PS1215P | 110          | 81.43100511073254  | +18.35    |
| 2022A3PS1216P | 179          | 70.52810902896081  | +11.85    |
| 2022A3PS1217P | 424          | 28.79045996592845  | -12.15    |
| 2022A3PS1218P | 404          | 32.19761499148211  | -10.15    |
| 2022A3PS1219P | 271          | 54.855195911413965 | +1.85     |
| 2022A3PS1220P | 74           | 88.07495741056218  | +22.85    |
| 2022A3PS1221P | 2            | 100.0              | +37.85    |
| 2022A3PS1222P | 166          | 72.57240204429301  | +12.85    |
| 2022A3PS1223P | 271          | 54.855195911413965 | +1.85     |
| 2022A8PS1225P | 240          | 59.6252129471891   | +4.85     |
| 2022A3PS1226P | 550          | 6.643952299829642  | -29.15    |
| 2022A3PS1227P | 52           | 91.48211243611584  | +27.35    |
| 2022A3PS1228P | 235          | 60.30664395229983  | +5.85     |
| 2022A3PS1229P | 358          | 39.69335604770017  | -5.15     |
| 2022A3PS1230P | 460          | 22.31686541737649  | -16.15    |
| 2022A3PS1231P | 116          | 81.09028960817717  | +17.85    |
| 2022A3PS1232P | 62           | 89.94889267461669  | +24.85    |
| 2022A3PS1233P | 358          | 39.69335604770017  | -5.15     |
| 2022A3PS1234P | 106          | 82.62350936967631  | +18.85    |
| 2022A8PS1235P | 48           | 92.33390119250426  | +27.85    |
| 2022A8PS1236P | 404          | 32.19761499148211  | -10.15    |
| 2022A8PS1238P | 144          | 76.32027257240205  | +14.85    |
| 2022A8PS1239P | 542          | 8.517887563884157  | -27.15    |
| 2022A8PS1240P | 487          | 17.206132879045995 | -18.65    |
| 2022A8PS1241P | 509          | 14.1396933560477   | -22.15    |
| 2022A8PS1243P | 106          | 82.62350936967631  | +18.85    |
| 2022A8PS1244P | 424          | 28.79045996592845  | -12.15    |
| 2022A8PS1245P | 240          | 59.6252129471891   | +4.85     |
| 2022A8PS1246P | 502          | 14.991482112436115 | -21.15    |
| 2022A8PS1248P | 460          | 22.31686541737649  | -16.15    |
| 2022A8PS1249P | 482          | 18.56899488926746  | -18.15    |
| 2022A8PS1250P | 96           | 84.83816013628619  | +19.85    |
| 2022A8PS1252P | 394          | 33.73083475298126  | -9.15     |
| 2022A8PS1253P | 556          | 5.621805792163543  | -31.15    |
| 2022A8PS1254P | 305          | 49.23339011925042  | -0.15     |
| 2022A8PS1255P | 144          | 76.32027257240205  | +14.85    |
| 2022A8PS1256P | 460          | 22.31686541737649  | -16.15    |
| 2022A8PS1258P | 472          | 20.61328790459966  | -17.15    |
| 2022A8PS1260P | 127          | 78.53492333901193  | +16.35    |
| 2022A8PS1261P | 516          | 12.606473594548552 | -23.15    |
| 2022A8PS1262P | 288          | 52.29982964224872  | +0.85     |
| 2022A8PS1263P | 305          | 49.23339011925042  | -0.15     |
| 2022A8PS1264P | 404          | 32.19761499148211  | -10.15    |
| 2022A8PS1265P | 376          | 37.13798977853492  | -7.15     |
| 2022A8PS1267P | 22           | 96.76320272572401  | +30.85    |
| 2022A8PS1270P | 414          | 30.323679727427596 | -11.15    |
| 2022A4PS1272P | 96           | 84.83816013628619  | +19.85    |
| 2022A4PS1273P | 579          | 2.8960817717206133 | -42.15    |
| 2022A4PS1274P | 228          | 62.01022146507666  | +6.85     |
| 2022A4PS1275P | 200          | 66.43952299829643  | +9.85     |
| 2022A4PS1276P | 340          | 43.27086882453151  | -3.15     |
| 2022A4PS1277P | 80           | 86.88245315161839  | +21.85    |
| 2022A4PS1278P | 328          | 45.31516183986371  | -2.15     |
| 2022A4PS1279P | 472          | 20.61328790459966  | -17.15    |
| 2022A4PS1281P | 124          | 79.55706984667802  | +16.85    |
| 2022A4PS1283P | 328          | 45.31516183986371  | -2.15     |
| 2022A4PS1284P | 278          | 52.981260647359456 | +1.35     |
| 2022A4PS1287P | 452          | 23.679727427597953 | -15.15    |
| 2022A4PS1289P | 237          | 59.795570698466776 | +5.35     |
| 2022A4PS1291P | 48           | 92.33390119250426  | +27.85    |
| 2022A4PS1292P | 86           | 86.03066439522998  | +20.85    |
| 2022A4PS1293P | 116          | 81.09028960817717  | +17.85    |
| 2022A4PS1294P | 436          | 26.405451448040886 | -13.15    |
| 2022A4PS1295P | 222          | 62.52129471890971  | +7.35     |
| 2022A4PS1296P | 222          | 62.52129471890971  | +7.35     |
| 2022A4PS1301P | 18           | 97.27427597955706  | +31.85    |
| 2022A1PS1306P | 22           | 96.76320272572401  | +30.85    |
| 2022A1PS1307P | 340          | 43.27086882453151  | -3.15     |
| 2022A1PS1311P | 250          | 58.43270868824531  | +3.85     |
| 2022A1PS1316P | 520          | 11.925042589437819 | -24.15    |
| 2022A1PS1322P | 386          | 34.75298126064736  | -8.15     |
| 2022A1PS1325P | 569          | 3.2367972742759794 | -40.15    |
| 2022A1PS1327P | 383          | 34.923339011925044 | -7.65     |
| 2022A1PS1328P | 305          | 49.23339011925042  | -0.15     |
| 2022A1PS1330P | 509          | 14.1396933560477   | -22.15    |
| 2022A1PS1332P | 172          | 70.86882453151618  | +12.35    |
| 2022A1PS1339P | 436          | 26.405451448040886 | -13.15    |
| 2022A1PS1340P | 328          | 45.31516183986371  | -2.15     |
| 2022A1PS1342P | 491          | 17.035775127768314 | -19.15    |
| 2022A1PS1343P | 394          | 33.73083475298126  | -9.15     |
| 2022A1PS1351P | 452          | 23.679727427597953 | -15.15    |
| 2022A1PS1353P | 509          | 14.1396933560477   | -22.15    |
| 2022A1PS1354P | 278          | 52.981260647359456 | +1.35     |
| 2022A1PS1356P | 288          | 52.29982964224872  | +0.85     |
| 2022A1PS1360P | 542          | 8.517887563884157  | -27.15    |
| 2022A4PS1365P | 394          | 33.73083475298126  | -9.15     |
| 2022A5PS1443P | 558          | 5.281090289608177  | -32.15    |
| 2022A5PS1447P | 527          | 11.073253833049403 | -25.15    |
| 2022A5PS1448P | 509          | 14.1396933560477   | -22.15    |
| 2022A5PS1451P | 520          | 11.925042589437819 | -24.15    |
| 2022A5PS1454P | 432          | 26.74616695059625  | -12.65    |
| 2022A5PS1462P | 424          | 28.79045996592845  | -12.15    |
| 2022A5PS1463P | 414          | 30.323679727427596 | -11.15    |
| 2022A5PS1465P | 570          | 3.066439522998296  | -41.15    |
| 2022A8PS1560P | 255          | 56.72913117546848  | +3.35     |
| 2022A4PS1562P | 328          | 45.31516183986371  | -2.15     |
| 2022A4PS1563P | 74           | 88.07495741056218  | +22.85    |
| 2022A1PS1565P | 166          | 72.57240204429301  | +12.85    |
| 2022A1PS1567P | 328          | 45.31516183986371  | -2.15     |
| 2022A1PS1568P | 228          | 62.01022146507666  | +6.85     |
| 2022A1PS1571P | 200          | 66.43952299829643  | +9.85     |
| 2022A1PS1572P | 186          | 68.6541737649063   | +11.35    |
| 2022A1PS1573P | 394          | 33.73083475298126  | -9.15     |
| 2022A1PS1576P | 228          | 62.01022146507666  | +6.85     |
| 2022A1PS1578P | 546          | 7.155025553662691  | -28.15    |
| 2022A1PS1595P | 260          | 56.5587734241908   | +2.85     |
| 2022A1PS1596P | 376          | 37.13798977853492  | -7.15     |
| 2022A1PS1597P | 424          | 28.79045996592845  | -12.15    |
| 2022A1PS1598P | 568          | 3.4071550255536627 | -39.15    |
| 2022A1PS1610P | 404          | 32.19761499148211  | -10.15    |
| 2022A1PS1615P | 444          | 25.04258943781942  | -14.15    |
| 2022A1PS1631P | 561          | 4.599659284497444  | -35.15    |
| 2022A1PS1666P | 67           | 88.9267461669506   | +23.85    |
| 2022A1PS1667P | 563          | 4.429301533219761  | -36.15    |
| 2022A1PS1668P | 482          | 18.56899488926746  | -18.15    |
| 2022A1PS1695P | 472          | 20.61328790459966  | -17.15    |
| 2022A8PS1719P | 260          | 56.5587734241908   | +2.85     |
| 2022A8PS1720P | 363          | 38.3304940374787   | -5.65     |
| 2022A1PS1729P | 404          | 32.19761499148211  | -10.15    |
| 2022A1PS1730P | 563          | 4.429301533219761  | -36.15    |
| 2022A8PS1731P | 288          | 52.29982964224872  | +0.85     |
| 2022A8PS1732P | 32           | 95.05962521294718  | +29.85    |
| 2022A7PS1733P | 200          | 66.43952299829643  | +9.85     |
| 2022A3PS1734P | 228          | 62.01022146507666  | +6.85     |
| 2021B5TS2070P | 579          | 2.8960817717206133 | -42.15    |
| 2021D2TS2083P | 579          | 2.8960817717206133 | -42.15    |
| 2021D2TS2087P | 579          | 2.8960817717206133 | -42.15    |
| 2020B5A22011  | 566          | 3.918228279386712  | -37.15    |
+---------------+--------------+--------------------+-----------+