+---------------+--------------+--------------------+-----------+
| ID            | Rank (584)   | Percentile         | Av Plus   |
|---------------+--------------+--------------------+-----------|
| 2022A7PS0001P | 194          | 67.2945205479452   | +29.75    |
| 2022A7PS0003P | 4            | 99.48630136986301  | +136.75   |
| 2022A7PS0004P | 264          | 55.479452054794514 | +6.75     |
| 2022A7PS0005P | 442          | 24.65753424657534  | -50.25    |
| 2022A7PS0006P | 162          | 72.6027397260274   | +36.75    |
| 2022A7PS0007P | 356          | 39.21232876712329  | -21.25    |
| 2022A7PS0008P | 120          | 79.62328767123287  | +58.25    |
| 2022A7PS0009P | 108          | 82.1917808219178   | +63.75    |
| 2022A7PS0010P | 202          | 65.75342465753424  | +27.75    |
| 2022A7PS0011P | 354          | 39.8972602739726   | -20.25    |
| 2022A7PS0012P | 234          | 60.44520547945205  | +16.75    |
| 2022A7PS0013P | 206          | 65.23972602739725  | +25.75    |
| 2022A7PS0014P | 330          | 44.00684931506849  | -12.25    |
| 2022A4PS0015P | 458          | 21.91780821917808  | -57.25    |
| 2022A7PS0016P | 74           | 87.67123287671232  | +75.75    |
| 2022A7PS0017P | 354          | 39.8972602739726   | -20.25    |
| 2022AAPS0019P | 405          | 30.993150684931503 | -37.25    |
| 2022A8PS0020P | 558          | 4.623287671232877  | -100.25   |
| 2022AAPS0021P | 484          | 17.636986301369863 | -63.25    |
| 2022A3PS0022P | 506          | 13.869863013698629 | -70.25    |
| 2022A3PS0023P | 380          | 35.273972602739725 | -29.25    |
| 2022AAPS0025P | 52           | 91.43835616438356  | +87.75    |
| 2022A4PS0026P | 538          | 8.21917808219178   | -83.25    |
| 2022A3PS0027P | 566          | 3.4246575342465753 | -105.25   |
| 2022AAPS0028P | 488          | 16.78082191780822  | -64.25    |
| 2022A7PS0031P | 506          | 13.869863013698629 | -70.25    |
| 2022A7PS0033P | 456          | 22.08904109589041  | -56.75    |
| 2022A3PS0034P | 436          | 25.85616438356164  | -48.25    |
| 2022A7PS0035P | 365          | 37.671232876712324 | -24.25    |
| 2022A7PS0036P | 36           | 94.34931506849314  | +94.75    |
| 2022A7PS0037P | 520          | 11.13013698630137  | -76.25    |
| 2022A7PS0038P | 162          | 72.6027397260274   | +36.75    |
| 2022A7PS0041P | 510          | 13.184931506849315 | -71.25    |
| 2022A7PS0042P | 220          | 62.5               | +19.75    |
| 2022A7PS0044P | 513          | 12.5               | -72.25    |
| 2022A7PS0045P | 1            | 100.0              | +169.75   |
| 2022A7PS0047P | 209          | 64.55479452054794  | +24.75    |
| 2022A7PS0049P | 26           | 95.8904109589041   | +99.75    |
| 2022A7PS0051P | 566          | 3.4246575342465753 | -105.25   |
| 2022A7PS0052P | 234          | 60.44520547945205  | +16.75    |
| 2022A7PS0053P | 498          | 15.068493150684931 | -67.25    |
| 2022A7PS0054P | 506          | 13.869863013698629 | -70.25    |
| 2022A7PS0055P | 8            | 98.80136986301369  | +132.75   |
| 2022A7PS0056P | 30           | 95.03424657534246  | +96.75    |
| 2022A7PS0057P | 380          | 35.273972602739725 | -29.25    |
| 2022A7PS0058P | 570          | 2.73972602739726   | -106.25   |
| 2022A7PS0063P | 578          | 1.36986301369863   | -113.25   |
| 2022A7PS0065P | 203          | 65.41095890410959  | +26.75    |
| 2022A7PS0066P | 495          | 15.582191780821917 | -66.25    |
| 2022A7PS0067P | 570          | 2.73972602739726   | -106.25   |
| 2022A7PS0068P | 510          | 13.184931506849315 | -71.25    |
| 2022A7PS0069P | 510          | 13.184931506849315 | -71.25    |
| 2022A7PS0070P | 48           | 92.12328767123287  | +89.75    |
| 2022A7PS0073P | 513          | 12.5               | -72.25    |
| 2022A7PS0074P | 6            | 99.31506849315068  | +135.75   |
| 2022A7PS0075P | 177          | 70.20547945205479  | +33.75    |
| 2022A7PS0076P | 560          | 4.280821917808219  | -101.25   |
| 2022A7PS0077P | 583          | 0.5136986301369862 | -116.25   |
| 2022A7PS0078P | 84           | 85.95890410958904  | +72.75    |
| 2022A7PS0079P | 473          | 19.349315068493148 | -60.25    |
| 2022A7PS0080P | 140          | 76.36986301369862  | +44.75    |
| 2022A7PS0081P | 137          | 76.8835616438356   | +45.75    |
| 2022A7PS0082P | 362          | 38.698630136986296 | -23.25    |
| 2022A7PS0083P | 100          | 83.3904109589041   | +65.75    |
| 2022A7PS0084P | 2            | 99.82876712328766  | +145.75   |
| 2022A7PS0085P | 278          | 52.73972602739726  | +2.75     |
| 2022A7PS0086P | 3            | 99.65753424657534  | +140.75   |
| 2022A7PS0087P | 12           | 98.11643835616438  | +121.75   |
| 2022A7PS0088P | 137          | 76.8835616438356   | +45.75    |
| 2022A7PS0089P | 74           | 87.67123287671232  | +75.75    |
| 2022A7PS0091P | 88           | 85.27397260273972  | +70.75    |
| 2022A7PS0093P | 41           | 93.32191780821917  | +91.75    |
| 2022A7PS0094P | 64           | 89.21232876712328  | +81.75    |
| 2022A7PS0096P | 52           | 91.43835616438356  | +87.75    |
| 2022A7PS0097P | 113          | 80.82191780821917  | +62.25    |
| 2022A7PS0098P | 124          | 79.10958904109589  | +54.75    |
| 2022A7PS0100P | 290          | 50.68493150684931  | -0.25     |
| 2022A7PS0102P | 305          | 47.94520547945205  | -5.25     |
| 2022A7PS0103P | 100          | 83.3904109589041   | +65.75    |
| 2022A7PS0105P | 473          | 19.349315068493148 | -60.25    |
| 2022A7PS0106P | 550          | 5.993150684931506  | -91.25    |
| 2022A7PS0107P | 454          | 22.602739726027394 | -55.25    |
| 2022A7PS0109P | 573          | 2.054794520547945  | -108.25   |
| 2022A7PS0110P | 465          | 21.061643835616437 | -58.25    |
| 2022A7PS0111P | 36           | 94.34931506849314  | +94.75    |
| 2022A7PS0113P | 19           | 96.91780821917807  | +111.75   |
| 2022A7PS0114P | 429          | 27.397260273972602 | -47.25    |
| 2022A7PS0115P | 194          | 67.2945205479452   | +29.75    |
| 2022A7PS0116P | 290          | 50.68493150684931  | -0.25     |
| 2022A7PS0118P | 6            | 99.31506849315068  | +135.75   |
| 2022A7PS0119P | 104          | 82.53424657534246  | +64.75    |
| 2022A7PS0120P | 374          | 36.47260273972603  | -27.25    |
| 2022A7PS0121P | 525          | 10.273972602739725 | -79.25    |
| 2022A7PS0123P | 249          | 57.87671232876712  | +13.75    |
| 2022A7PS0124P | 22           | 96.40410958904108  | +103.75   |
| 2022A7PS0125P | 392          | 33.390410958904106 | -32.25    |
| 2022A7PS0126P | 190          | 67.97945205479452  | +30.75    |
| 2022A7PS0128P | 283          | 52.054794520547944 | +1.75     |
| 2022A7PS0130P | 563          | 3.9383561643835616 | -104.25   |
| 2022A7PS0131P | 572          | 2.2260273972602738 | -107.25   |
| 2022A7PS0132P | 11           | 98.2876712328767   | +126.75   |
| 2022A7PS0133P | 7            | 98.97260273972603  | +133.75   |
| 2022A7PS0134P | 70           | 88.35616438356163  | +78.75    |
| 2022A7PS0135P | 488          | 16.78082191780822  | -64.25    |
| 2022A7PS0136P | 484          | 17.636986301369863 | -63.25    |
| 2022A7PS0137P | 190          | 67.97945205479452  | +30.75    |
| 2022A7PS0138P | 100          | 83.3904109589041   | +65.75    |
| 2022A7PS0140P | 78           | 86.98630136986301  | +74.75    |
| 2022A7PS0141P | 48           | 92.12328767123287  | +89.75    |
| 2022A7PS0142P | 340          | 41.95205479452054  | -15.25    |
| 2022A7PS0143P | 531          | 9.58904109589041   | -81.25    |
| 2022A7PS0144P | 58           | 90.23972602739725  | +86.25    |
| 2022A7PS0145P | 60           | 90.06849315068493  | +85.75    |
| 2022A7PS0146P | 420          | 28.424657534246574 | -45.25    |
| 2022A7PS0147P | 70           | 88.35616438356163  | +78.75    |
| 2022A7PS0148P | 526          | 10.102739726027396 | -80.25    |
| 2022A7PS0150P | 170          | 71.57534246575342  | +34.75    |
| 2022A7PS0152P | 48           | 92.12328767123287  | +89.75    |
| 2022A7PS0153P | 41           | 93.32191780821917  | +91.75    |
| 2022A7PS0154P | 264          | 55.479452054794514 | +6.75     |
| 2022A7PS0155P | 516          | 11.986301369863012 | -73.25    |
| 2022A7PS0156P | 182          | 69.34931506849314  | +32.75    |
| 2022A7PS0157P | 551          | 5.821917808219178  | -92.25    |
| 2022A7PS0158P | 97           | 83.56164383561644  | +66.75    |
| 2022A7PS0159P | 143          | 75.85616438356163  | +43.75    |
| 2022A7PS0160P | 82           | 86.30136986301369  | +73.75    |
| 2022A7PS0164P | 55           | 91.0958904109589   | +86.75    |
| 2022A7PS0165P | 130          | 78.08219178082192  | +50.75    |
| 2022A7PS0166P | 206          | 65.23972602739725  | +25.75    |
| 2022A7PS0168P | 70           | 88.35616438356163  | +78.75    |
| 2022A7PS0169P | 68           | 88.6986301369863   | +79.75    |
| 2022A7PS0170P | 330          | 44.00684931506849  | -12.25    |
| 2022A7PS0171P | 410          | 30.136986301369863 | -41.25    |
| 2022A7PS0172P | 62           | 89.55479452054794  | +84.75    |
| 2022A7PS0173P | 121          | 79.45205479452055  | +57.75    |
| 2022A7PS0174P | 22           | 96.40410958904108  | +103.75   |
| 2022A7PS0175P | 336          | 42.97945205479452  | -13.25    |
| 2022A7PS0177P | 95           | 84.07534246575342  | +67.75    |
| 2022A7PS0178P | 44           | 92.80821917808218  | +90.75    |
| 2022A7PS0180P | 93           | 84.24657534246575  | +68.75    |
| 2022A7PS0182P | 531          | 9.58904109589041   | -81.25    |
| 2022A7PS0183P | 66           | 89.04109589041096  | +80.75    |
| 2022A7PS0184P | 458          | 21.91780821917808  | -57.25    |
| 2022A7PS0185P | 557          | 4.794520547945205  | -99.25    |
| 2022A7PS0187P | 78           | 86.98630136986301  | +74.75    |
| 2022A7PS0189P | 536          | 8.39041095890411   | -82.75    |
| 2022A7PS0190P | 566          | 3.4246575342465753 | -105.25   |
| 2022AAPS0194P | 479          | 18.493150684931507 | -62.25    |
| 2022A7PS0195P | 209          | 64.55479452054794  | +24.75    |
| 2022AAPS0198P | 36           | 94.34931506849314  | +94.75    |
| 2022AAPS0203P | 38           | 93.66438356164383  | +93.75    |
| 2022AAPS0204P | 26           | 95.8904109589041   | +99.75    |
| 2022AAPS0207P | 60           | 90.06849315068493  | +85.75    |
| 2022A3PS0209P | 400          | 31.849315068493148 | -35.25    |
| 2022AAPS0210P | 92           | 84.41780821917808  | +69.25    |
| 2022AAPS0211P | 502          | 14.212328767123287 | -69.25    |
| 2022AAPS0214P | 66           | 89.04109589041096  | +80.75    |
| 2022AAPS0215P | 349          | 40.582191780821915 | -18.25    |
| 2022AAPS0216P | 55           | 91.0958904109589   | +86.75    |
| 2022AAPS0217P | 330          | 44.00684931506849  | -12.25    |
| 2022AAPS0218P | 130          | 78.08219178082192  | +50.75    |
| 2022AAPS0219P | 108          | 82.1917808219178   | +63.75    |
| 2022A3PS0221P | 177          | 70.20547945205479  | +33.75    |
| 2022AAPS0222P | 46           | 92.2945205479452   | +90.25    |
| 2022A4PS0223P | 578          | 1.36986301369863   | -113.25   |
| 2022AAPS0226P | 90           | 84.93150684931507  | +69.75    |
| 2022AAPS0230P | 563          | 3.9383561643835616 | -104.25   |
| 2022AAPS0231P | 90           | 84.93150684931507  | +69.75    |
| 2022AAPS0232P | 32           | 94.6917808219178   | +95.75    |
| 2022AAPS0234P | 214          | 64.04109589041096  | +23.75    |
| 2022AAPS0235P | 522          | 10.95890410958904  | -77.25    |
| 2022AAPS0240P | 186          | 68.4931506849315   | +31.75    |
| 2022AAPS0241P | 177          | 70.20547945205479  | +33.75    |
| 2022AAPS0243P | 162          | 72.6027397260274   | +36.75    |
| 2022AAPS0244P | 312          | 47.08904109589041  | -7.25     |
| 2022AAPS0247P | 224          | 62.32876712328767  | +18.75    |
| 2022AAPS0248P | 18           | 97.08904109589041  | +112.75   |
| 2022AAPS0249P | 325          | 44.863013698630134 | -11.25    |
| 2022AAPS0250P | 580          | 1.0273972602739725 | -114.25   |
| 2022AAPS0251P | 198          | 66.60958904109589  | +28.75    |
| 2022AAPS0252P | 492          | 16.095890410958905 | -65.25    |
| 2022AAPS0253P | 10           | 98.45890410958904  | +127.75   |
| 2022A4PS0254P | 510          | 13.184931506849315 | -71.25    |
| 2022AAPS0255P | 542          | 7.705479452054794  | -85.25    |
| 2022AAPS0256P | 234          | 60.44520547945205  | +16.75    |
| 2022AAPS0257P | 513          | 12.5               | -72.25    |
| 2022AAPS0258P | 214          | 64.04109589041096  | +23.75    |
| 2022A3PS0260P | 74           | 87.67123287671232  | +75.75    |
| 2022AAPS0264P | 119          | 79.7945205479452   | +58.75    |
| 2022A3PS0265P | 252          | 57.02054794520548  | +12.75    |
| 2022AAPS0266P | 84           | 85.95890410958904  | +72.75    |
| 2022AAPS0268P | 137          | 76.8835616438356   | +45.75    |
| 2022A3PS0282P | 202          | 65.75342465753424  | +27.75    |
| 2022AAPS0292P | 190          | 67.97945205479452  | +30.75    |
| 2022AAPS0300P | 300          | 49.14383561643835  | -3.25     |
| 2022AAPS0305P | 146          | 75.34246575342465  | +42.75    |
| 2022AAPS0311P | 15           | 97.77397260273972  | +113.75   |
| 2022AAPS0313P | 28           | 95.54794520547945  | +98.75    |
| 2022AAPS0314P | 170          | 71.57534246575342  | +34.75    |
| 2022AAPS0318P | 410          | 30.136986301369863 | -41.25    |
| 2022AAPS0321P | 316          | 46.40410958904109  | -8.25     |
| 2022AAPS0322P | 522          | 10.95890410958904  | -77.25    |
| 2022AAPS0323P | 128          | 78.25342465753424  | +51.75    |
| 2022AAPS0326P | 224          | 62.32876712328767  | +18.75    |
| 2022A3PS0327P | 100          | 83.3904109589041   | +65.75    |
| 2022A3PS0329P | 60           | 90.06849315068493  | +85.75    |
| 2022AAPS0331P | 362          | 38.698630136986296 | -23.25    |
| 2022AAPS0339P | 413          | 29.452054794520546 | -42.25    |
| 2022AAPS0344P | 384          | 34.58904109589041  | -30.25    |
| 2022AAPS0347P | 416          | 29.109589041095887 | -44.25    |
| 2022A4PS0355P | 392          | 33.390410958904106 | -32.25    |
| 2022A3PS0357P | 370          | 37.15753424657534  | -26.25    |
| 2022AAPS0358P | 318          | 45.71917808219178  | -9.25     |
| 2022AAPS0360P | 249          | 57.87671232876712  | +13.75    |
| 2022AAPS0363P | 150          | 74.82876712328766  | +41.75    |
| 2022A3PS0364P | 198          | 66.60958904109589  | +28.75    |
| 2022AAPS0366P | 234          | 60.44520547945205  | +16.75    |
| 2022AAPS0369P | 214          | 64.04109589041096  | +23.75    |
| 2022A4PS0372P | 166          | 71.91780821917808  | +35.75    |
| 2022A3PS0375P | 349          | 40.582191780821915 | -18.25    |
| 2022A3PS0376P | 303          | 48.458904109589035 | -4.25     |
| 2022A3PS0377P | 300          | 49.14383561643835  | -3.25     |
| 2022A3PS0378P | 436          | 25.85616438356164  | -48.25    |
| 2022A3PS0380P | 338          | 42.294520547945204 | -14.25    |
| 2022A3PS0381P | 542          | 7.705479452054794  | -85.25    |
| 2022A3PS0384P | 177          | 70.20547945205479  | +33.75    |
| 2022A3PS0387P | 264          | 55.479452054794514 | +6.75     |
| 2022A3PS0389P | 134          | 77.22602739726027  | +46.75    |
| 2022A3PS0392P | 38           | 93.66438356164383  | +93.75    |
| 2022A3PS0394P | 492          | 16.095890410958905 | -65.25    |
| 2022A8PS0397P | 32           | 94.6917808219178   | +95.75    |
| 2022A3PS0399P | 234          | 60.44520547945205  | +16.75    |
| 2022A3PS0402P | 423          | 27.910958904109588 | -46.25    |
| 2022A4PS0403P | 556          | 4.965753424657534  | -98.25    |
| 2022A3PS0405P | 130          | 78.08219178082192  | +50.75    |
| 2022A3PS0406P | 125          | 78.76712328767123  | +53.75    |
| 2022A8PS0408P | 84           | 85.95890410958904  | +72.75    |
| 2022A3PS0410P | 506          | 13.869863013698629 | -70.25    |
| 2022A3PS0412P | 126          | 78.5958904109589   | +52.75    |
| 2022A3PS0418P | 17           | 97.26027397260273  | +113.25   |
| 2022A3PS0419P | 108          | 82.1917808219178   | +63.75    |
| 2022A3PS0420P | 182          | 69.34931506849314  | +32.75    |
| 2022A4PS0422P | 423          | 27.910958904109588 | -46.25    |
| 2022A8PS0424P | 446          | 24.143835616438356 | -51.25    |
| 2022A3PS0425P | 244          | 58.56164383561644  | +14.75    |
| 2022A3PS0427P | 420          | 28.424657534246574 | -45.25    |
| 2022A3PS0429P | 303          | 48.458904109589035 | -4.25     |
| 2022A3PS0430P | 155          | 73.97260273972603  | +40.75    |
| 2022A3PS0431P | 518          | 11.643835616438356 | -75.25    |
| 2022A3PS0437P | 358          | 38.86986301369863  | -22.75    |
| 2022A3PS0441P | 362          | 38.698630136986296 | -23.25    |
| 2022A3PS0444P | 402          | 31.506849315068493 | -36.25    |
| 2022A3PS0445P | 546          | 6.8493150684931505 | -88.25    |
| 2022A3PS0447P | 55           | 91.0958904109589   | +86.75    |
| 2022A3PS0448P | 29           | 95.20547945205479  | +97.75    |
| 2022A4PS0449P | 122          | 79.28082191780821  | +56.75    |
| 2022A3PS0450P | 312          | 47.08904109589041  | -7.25     |
| 2022A3PS0451P | 194          | 67.2945205479452   | +29.75    |
| 2022A3PS0454P | 264          | 55.479452054794514 | +6.75     |
| 2022A3PS0455P | 44           | 92.80821917808218  | +90.75    |
| 2022A3PS0456P | 274          | 53.42465753424657  | +3.75     |
| 2022A3PS0457P | 270          | 54.28082191780822  | +4.75     |
| 2022A3PS0458P | 55           | 91.0958904109589   | +86.75    |
| 2022A8PS0462P | 229          | 61.3013698630137   | +17.75    |
| 2022A3PS0465P | 209          | 64.55479452054794  | +24.75    |
| 2022A4PS0466P | 182          | 69.34931506849314  | +32.75    |
| 2022A3PS0467P | 345          | 41.0958904109589   | -16.75    |
| 2022A3PS0471P | 62           | 89.55479452054794  | +84.75    |
| 2022A3PS0473P | 366          | 37.5               | -25.25    |
| 2022A3PS0475P | 429          | 27.397260273972602 | -47.25    |
| 2022A3PS0476P | 264          | 55.479452054794514 | +6.75     |
| 2022A3PS0478P | 104          | 82.53424657534246  | +64.75    |
| 2022A3PS0479P | 270          | 54.28082191780822  | +4.75     |
| 2022A8PS0481P | 542          | 7.705479452054794  | -85.25    |
| 2022A3PS0483P | 118          | 79.96575342465754  | +59.75    |
| 2022A3PS0484P | 343          | 41.60958904109589  | -16.25    |
| 2022A4PS0485P | 458          | 21.91780821917808  | -57.25    |
| 2022A4PS0490P | 292          | 50.171232876712324 | -1.25     |
| 2022A3PS0492P | 218          | 62.842465753424655 | +21.75    |
| 2022A3PS0493P | 229          | 61.3013698630137   | +17.75    |
| 2022A3PS0498P | 187          | 68.15068493150685  | +31.25    |
| 2022A3PS0500P | 446          | 24.143835616438356 | -51.25    |
| 2022A4PS0502P | 146          | 75.34246575342465  | +42.75    |
| 2022A3PS0503P | 234          | 60.44520547945205  | +16.75    |
| 2022A3PS0504P | 407          | 30.479452054794518 | -38.25    |
| 2022A3PS0507P | 518          | 11.643835616438356 | -75.25    |
| 2022A3PS0508P | 20           | 96.74657534246575  | +109.75   |
| 2022A3PS0510P | 563          | 3.9383561643835616 | -104.25   |
| 2022A8PS0511P | 581          | 0.684931506849315  | -115.25   |
| 2022A8PS0515P | 150          | 74.82876712328766  | +41.75    |
| 2022A3PS0523P | 325          | 44.863013698630134 | -11.25    |
| 2022A3PS0526P | 206          | 65.23972602739725  | +25.75    |
| 2022A3PS0528P | 214          | 64.04109589041096  | +23.75    |
| 2022A1PS0530P | 538          | 8.21917808219178   | -83.25    |
| 2022A3PS0538P | 249          | 57.87671232876712  | +13.75    |
| 2022A8PS0539P | 240          | 59.24657534246575  | +15.75    |
| 2022A8PS0540P | 442          | 24.65753424657534  | -50.25    |
| 2022A4PS0543P | 476          | 18.835616438356162 | -61.25    |
| 2022A4PS0545P | 553          | 5.47945205479452   | -95.25    |
| 2022A4PS0546P | 450          | 23.28767123287671  | -54.25    |
| 2022A4PS0556P | 24           | 96.06164383561644  | +100.75   |
| 2022A8PS0557P | 140          | 76.36986301369862  | +44.75    |
| 2022A4PS0558P | 274          | 53.42465753424657  | +3.75     |
| 2022A8PS0561P | 182          | 69.34931506849314  | +32.75    |
| 2022A8PS0564P | 267          | 54.45205479452054  | +5.75     |
| 2022A8PS0566P | 398          | 32.02054794520548  | -34.25    |
| 2022A8PS0567P | 292          | 50.171232876712324 | -1.25     |
| 2022A8PS0570P | 170          | 71.57534246575342  | +34.75    |
| 2022A8PS0572P | 470          | 19.863013698630137 | -59.25    |
| 2022A4PS0578P | 115          | 80.65068493150685  | +61.75    |
| 2022A8PS0583P | 416          | 29.109589041095887 | -44.25    |
| 2022A8PS0586P | 108          | 82.1917808219178   | +63.75    |
| 2022A8PS0587P | 343          | 41.60958904109589  | -16.25    |
| 2022A1PS0589P | 112          | 80.9931506849315   | +62.75    |
| 2022A8PS0590P | 479          | 18.493150684931507 | -62.25    |
| 2022A8PS0591P | 524          | 10.616438356164384 | -78.25    |
| 2022A1PS0593P | 258          | 56.16438356164383  | +8.75     |
| 2022A8PS0595P | 240          | 59.24657534246575  | +15.75    |
| 2022A4PS0599P | 396          | 32.705479452054796 | -33.25    |
| 2022A4PS0610P | 570          | 2.73972602739726   | -106.25   |
| 2022A8PS0611P | 78           | 86.98630136986301  | +74.75    |
| 2022A4PS0615P | 502          | 14.212328767123287 | -69.25    |
| 2022A4PS0617P | 439          | 25.171232876712327 | -49.25    |
| 2022A8PS0619P | 274          | 53.42465753424657  | +3.75     |
| 2022A8PS0620P | 283          | 52.054794520547944 | +1.75     |
| 2022A8PS0622P | 308          | 47.773972602739725 | -6.25     |
| 2022A4PS0624P | 229          | 61.3013698630137   | +17.75    |
| 2022A4PS0626P | 330          | 44.00684931506849  | -12.25    |
| 2022A4PS0634P | 442          | 24.65753424657534  | -50.25    |
| 2022A4PS0640P | 100          | 83.3904109589041   | +65.75    |
| 2022A1PS0643P | 283          | 52.054794520547944 | +1.75     |
| 2022A4PS0649P | 44           | 92.80821917808218  | +90.75    |
| 2022A4PS0651P | 244          | 58.56164383561644  | +14.75    |
| 2022A4PS0660P | 416          | 29.109589041095887 | -44.25    |
| 2022A1PS0661P | 546          | 6.8493150684931505 | -88.25    |
| 2022A4PS0669P | 370          | 37.15753424657534  | -26.25    |
| 2022A4PS0673P | 325          | 44.863013698630134 | -11.25    |
| 2022A4PS0675P | 198          | 66.60958904109589  | +28.75    |
| 2022A4PS0676P | 554          | 5.308219178082192  | -97.25    |
| 2022A4PS0680P | 436          | 25.85616438356164  | -48.25    |
| 2022A4PS0684P | 402          | 31.506849315068493 | -36.25    |
| 2022A4PS0689P | 246          | 58.04794520547945  | +14.25    |
| 2022A4PS0694P | 318          | 45.71917808219178  | -9.25     |
| 2022A4PS0697P | 108          | 82.1917808219178   | +63.75    |
| 2022A4PS0702P | 465          | 21.061643835616437 | -58.25    |
| 2022A4PS0703P | 146          | 75.34246575342465  | +42.75    |
| 2022A4PS0708P | 295          | 49.82876712328767  | -2.25     |
| 2022A1PS0714P | 479          | 18.493150684931507 | -62.25    |
| 2022A4PS0716P | 219          | 62.671232876712324 | +21.25    |
| 2022A4PS0719P | 224          | 62.32876712328767  | +18.75    |
| 2022A4PS0723P | 439          | 25.171232876712327 | -49.25    |
| 2022A4PS0725P | 500          | 14.726027397260273 | -68.25    |
| 2022A4PS0738P | 380          | 35.273972602739725 | -29.25    |
| 2022A1PS0742P | 224          | 62.32876712328767  | +18.75    |
| 2022A4PS0747P | 74           | 87.67123287671232  | +75.75    |
| 2022A4PS0748P | 316          | 46.40410958904109  | -8.25     |
| 2022A4PS0749P | 446          | 24.143835616438356 | -51.25    |
| 2022A4PS0774P | 177          | 70.20547945205479  | +33.75    |
| 2022A4PS0781P | 322          | 45.20547945205479  | -10.25    |
| 2022A4PS0782P | 274          | 53.42465753424657  | +3.75     |
| 2022A1PS0784P | 465          | 21.061643835616437 | -58.25    |
| 2022A4PS0792P | 336          | 42.97945205479452  | -13.25    |
| 2022A4PS0795P | 484          | 17.636986301369863 | -63.25    |
| 2022A4PS0798P | 78           | 86.98630136986301  | +74.75    |
| 2022A4PS0806P | 224          | 62.32876712328767  | +18.75    |
| 2022A4PS0808P | 388          | 33.90410958904109  | -30.75    |
| 2022A1PS0820P | 420          | 28.424657534246574 | -45.25    |
| 2022A1PS0824P | 465          | 21.061643835616437 | -58.25    |
| 2022A4PS0827P | 473          | 19.349315068493148 | -60.25    |
| 2022A4PS0831P | 429          | 27.397260273972602 | -47.25    |
| 2022A1PS0832P | 366          | 37.5               | -25.25    |
| 2022A1PS0841P | 470          | 19.863013698630137 | -59.25    |
| 2022A4PS0843P | 488          | 16.78082191780822  | -64.25    |
| 2022A4PS0855P | 484          | 17.636986301369863 | -63.25    |
| 2022A4PS0868P | 214          | 64.04109589041096  | +23.75    |
| 2022A4PS0871P | 531          | 9.58904109589041   | -81.25    |
| 2022A1PS0883P | 370          | 37.15753424657534  | -26.25    |
| 2022A4PS0895P | 388          | 33.90410958904109  | -30.75    |
| 2022A4PS0896P | 498          | 15.068493150684931 | -67.25    |
| 2022A4PS0897P | 140          | 76.36986301369862  | +44.75    |
| 2022A4PS0899P | 249          | 57.87671232876712  | +13.75    |
| 2022A1PS0900P | 396          | 32.705479452054796 | -33.25    |
| 2022A4PS0902P | 384          | 34.58904109589041  | -30.25    |
| 2022A1PS0903P | 283          | 52.054794520547944 | +1.75     |
| 2022A4PS0911P | 374          | 36.47260273972603  | -27.25    |
| 2022A4PS0915P | 400          | 31.849315068493148 | -35.25    |
| 2022A4PS0919P | 186          | 68.4931506849315   | +31.75    |
| 2022A4PS0921P | 476          | 18.835616438356162 | -61.25    |
| 2022A4PS0924P | 465          | 21.061643835616437 | -58.25    |
| 2022A4PS0925P | 518          | 11.643835616438356 | -75.25    |
| 2022A4PS0926P | 258          | 56.16438356164383  | +8.75     |
| 2022A4PS0938P | 380          | 35.273972602739725 | -29.25    |
| 2022A4PS0941P | 240          | 59.24657534246575  | +15.75    |
| 2022A4PS0942P | 458          | 21.91780821917808  | -57.25    |
| 2022A1PS0946P | 566          | 3.4246575342465753 | -105.25   |
| 2022A4PS0947P | 312          | 47.08904109589041  | -7.25     |
| 2022A1PS0948P | 260          | 55.821917808219176 | +7.75     |
| 2022A4PS0953P | 374          | 36.47260273972603  | -27.25    |
| 2022A4PS0955P | 450          | 23.28767123287671  | -54.25    |
| 2022A4PS0957P | 465          | 21.061643835616437 | -58.25    |
| 2022A1PS0959P | 244          | 58.56164383561644  | +14.75    |
| 2022A4PS0962P | 495          | 15.582191780821917 | -66.25    |
| 2022A4PS0965P | 429          | 27.397260273972602 | -47.25    |
| 2022A4PS0969P | 287          | 51.198630136986296 | +0.75     |
| 2022A4PS0973P | 396          | 32.705479452054796 | -33.25    |
| 2022A4PS0975P | 484          | 17.636986301369863 | -63.25    |
| 2022A1PS0982P | 454          | 22.602739726027394 | -55.25    |
| 2022A1PS0984P | 524          | 10.616438356164384 | -78.25    |
| 2022A1PS0992P | 316          | 46.40410958904109  | -8.25     |
| 2022A1PS1001P | 455          | 22.26027397260274  | -56.25    |
| 2022A1PS1022P | 150          | 74.82876712328766  | +41.75    |
| 2022A1PS1040P | 450          | 23.28767123287671  | -54.25    |
| 2022A1PS1043P | 229          | 61.3013698630137   | +17.75    |
| 2022A1PS1056P | 374          | 36.47260273972603  | -27.25    |
| 2022A1PS1057P | 405          | 30.993150684931503 | -37.25    |
| 2022A1PS1069P | 534          | 8.732876712328766  | -82.25    |
| 2022A1PS1075P | 166          | 71.91780821917808  | +35.75    |
| 2022A1PS1099P | 270          | 54.28082191780822  | +4.75     |
| 2022A1PS1104P | 436          | 25.85616438356164  | -48.25    |
| 2022A1PS1115P | 465          | 21.061643835616437 | -58.25    |
| 2022A1PS1126P | 500          | 14.726027397260273 | -68.25    |
| 2022A1PS1134P | 429          | 27.397260273972602 | -47.25    |
| 2022A1PS1149P | 295          | 49.82876712328767  | -2.25     |
| 2022A1PS1162P | 479          | 18.493150684931507 | -62.25    |
| 2022A7PS1168P | 574          | 1.8835616438356164 | -109.25   |
| 2022A7PS1170P | 72           | 87.84246575342465  | +77.75    |
| 2022A7PS1171P | 362          | 38.698630136986296 | -23.25    |
| 2022A7PS1172P | 534          | 8.732876712328766  | -82.25    |
| 2022A7PS1173P | 200          | 65.92465753424658  | +28.25    |
| 2022A7PS1174P | 28           | 95.54794520547945  | +98.75    |
| 2022A7PS1175P | 15           | 97.77397260273972  | +113.75   |
| 2022A7PS1176P | 36           | 94.34931506849314  | +94.75    |
| 2022A7PS1177P | 155          | 73.97260273972603  | +40.75    |
| 2022A7PS1178P | 410          | 30.136986301369863 | -41.25    |
| 2022A7PS1179P | 558          | 4.623287671232877  | -100.25   |
| 2022A7PS1180P | 30           | 95.03424657534246  | +96.75    |
| 2022A7PS1181P | 264          | 55.479452054794514 | +6.75     |
| 2022A7PS1182P | 9            | 98.63013698630137  | +130.75   |
| 2022A7PS1183P | 548          | 6.335616438356164  | -90.25    |
| 2022A7PS1184P | 526          | 10.102739726027396 | -80.25    |
| 2022A7PS1186P | 48           | 92.12328767123287  | +89.75    |
| 2022A7PS1187P | 224          | 62.32876712328767  | +18.75    |
| 2022A7PS1188P | 143          | 75.85616438356163  | +43.75    |
| 2022A7PS1189P | 134          | 77.22602739726027  | +46.75    |
| 2022AAPS1191P | 308          | 47.773972602739725 | -6.25     |
| 2022AAPS1192P | 86           | 85.44520547945206  | +71.75    |
| 2022A3PS1194P | 55           | 91.0958904109589   | +86.75    |
| 2022A3PS1195P | 198          | 66.60958904109589  | +28.75    |
| 2022A3PS1196P | 190          | 67.97945205479452  | +30.75    |
| 2022A3PS1197P | 448          | 23.45890410958904  | -53.25    |
| 2022A3PS1198P | 21           | 96.57534246575342  | +104.75   |
| 2022A3PS1199P | 429          | 27.397260273972602 | -47.25    |
| 2022A3PS1200P | 68           | 88.6986301369863   | +79.75    |
| 2022A3PS1203P | 124          | 79.10958904109589  | +54.75    |
| 2022A3PS1204P | 256          | 56.50684931506849  | +9.75     |
| 2022A3PS1205P | 330          | 44.00684931506849  | -12.25    |
| 2022A3PS1206P | 217          | 63.013698630136986 | +23.25    |
| 2022A3PS1207P | 132          | 77.56849315068493  | +49.75    |
| 2022A3PS1208P | 384          | 34.58904109589041  | -30.25    |
| 2022A3PS1209P | 439          | 25.171232876712327 | -49.25    |
| 2022A8PS1210P | 278          | 52.73972602739726  | +2.75     |
| 2022A3PS1211P | 423          | 27.910958904109588 | -46.25    |
| 2022A3PS1212P | 162          | 72.6027397260274   | +36.75    |
| 2022A3PS1213P | 316          | 46.40410958904109  | -8.25     |
| 2022A3PS1214P | 90           | 84.93150684931507  | +69.75    |
| 2022A3PS1215P | 155          | 73.97260273972603  | +40.75    |
| 2022A3PS1216P | 170          | 71.57534246575342  | +34.75    |
| 2022A3PS1217P | 229          | 61.3013698630137   | +17.75    |
| 2022A3PS1218P | 238          | 59.41780821917808  | +16.25    |
| 2022A3PS1219P | 336          | 42.97945205479452  | -13.25    |
| 2022A3PS1220P | 143          | 75.85616438356163  | +43.75    |
| 2022A3PS1221P | 13           | 97.94520547945206  | +114.75   |
| 2022A3PS1222P | 343          | 41.60958904109589  | -16.25    |
| 2022A3PS1223P | 126          | 78.5958904109589   | +52.75    |
| 2022A3PS1224P | 357          | 39.04109589041096  | -22.25    |
| 2022A8PS1225P | 150          | 74.82876712328766  | +41.75    |
| 2022A3PS1226P | 325          | 44.863013698630134 | -11.25    |
| 2022A3PS1227P | 287          | 51.198630136986296 | +0.75     |
| 2022A3PS1228P | 446          | 24.143835616438356 | -51.25    |
| 2022A3PS1229P | 95           | 84.07534246575342  | +67.75    |
| 2022A3PS1230P | 249          | 57.87671232876712  | +13.75    |
| 2022A3PS1231P | 158          | 73.11643835616438  | +39.75    |
| 2022A3PS1232P | 303          | 48.458904109589035 | -4.25     |
| 2022A3PS1233P | 115          | 80.65068493150685  | +61.75    |
| 2022A3PS1234P | 115          | 80.65068493150685  | +61.75    |
| 2022A8PS1235P | 41           | 93.32191780821917  | +91.75    |
| 2022A8PS1236P | 295          | 49.82876712328767  | -2.25     |
| 2022A8PS1238P | 270          | 54.28082191780822  | +4.75     |
| 2022A8PS1239P | 283          | 52.054794520547944 | +1.75     |
| 2022A8PS1240P | 159          | 72.94520547945206  | +38.75    |
| 2022A8PS1241P | 260          | 55.821917808219176 | +7.75     |
| 2022A8PS1243P | 312          | 47.08904109589041  | -7.25     |
| 2022A8PS1244P | 351          | 40.06849315068493  | -19.25    |
| 2022A8PS1245P | 160          | 72.77397260273972  | +37.75    |
| 2022A8PS1246P | 254          | 56.84931506849315  | +11.75    |
| 2022A8PS1248P | 117          | 80.13698630136986  | +60.75    |
| 2022A8PS1249P | 182          | 69.34931506849314  | +32.75    |
| 2022A8PS1250P | 495          | 15.582191780821917 | -66.25    |
| 2022A8PS1252P | 150          | 74.82876712328766  | +41.75    |
| 2022A8PS1253P | 560          | 4.280821917808219  | -101.25   |
| 2022A8PS1254P | 384          | 34.58904109589041  | -30.25    |
| 2022A8PS1255P | 170          | 71.57534246575342  | +34.75    |
| 2022A8PS1256P | 325          | 44.863013698630134 | -11.25    |
| 2022A8PS1258P | 278          | 52.73972602739726  | +2.75     |
| 2022A8PS1260P | 108          | 82.1917808219178   | +63.75    |
| 2022A8PS1261P | 297          | 49.31506849315068  | -2.75     |
| 2022A8PS1262P | 82           | 86.30136986301369  | +73.75    |
| 2022A8PS1263P | 206          | 65.23972602739725  | +25.75    |
| 2022A8PS1264P | 308          | 47.773972602739725 | -6.25     |
| 2022A8PS1265P | 278          | 52.73972602739726  | +2.75     |
| 2022A8PS1267P | 170          | 71.57534246575342  | +34.75    |
| 2022A8PS1270P | 408          | 30.30821917808219  | -40.25    |
| 2022A4PS1272P | 346          | 40.92465753424657  | -17.25    |
| 2022A4PS1273P | 552          | 5.650684931506849  | -93.25    |
| 2022A4PS1274P | 155          | 73.97260273972603  | +40.75    |
| 2022A4PS1275P | 155          | 73.97260273972603  | +40.75    |
| 2022A4PS1276P | 392          | 33.390410958904106 | -32.25    |
| 2022A4PS1277P | 362          | 38.698630136986296 | -23.25    |
| 2022A4PS1278P | 170          | 71.57534246575342  | +34.75    |
| 2022A4PS1279P | 322          | 45.20547945205479  | -10.25    |
| 2022A4PS1281P | 270          | 54.28082191780822  | +4.75     |
| 2022A4PS1283P | 300          | 49.14383561643835  | -3.25     |
| 2022A4PS1284P | 396          | 32.705479452054796 | -33.25    |
| 2022A4PS1287P | 402          | 31.506849315068493 | -36.25    |
| 2022A4PS1289P | 214          | 64.04109589041096  | +23.75    |
| 2022A4PS1291P | 320          | 45.37671232876712  | -9.75     |
| 2022A4PS1292P | 15           | 97.77397260273972  | +113.75   |
| 2022A4PS1293P | 362          | 38.698630136986296 | -23.25    |
| 2022A4PS1294P | 392          | 33.390410958904106 | -32.25    |
| 2022A4PS1295P | 340          | 41.95205479452054  | -15.25    |
| 2022A4PS1296P | 290          | 50.68493150684931  | -0.25     |
| 2022A4PS1301P | 429          | 27.397260273972602 | -47.25    |
| 2022A1PS1306P | 88           | 85.27397260273972  | +70.75    |
| 2022A1PS1307P | 492          | 16.095890410958905 | -65.25    |
| 2022A1PS1311P | 254          | 56.84931506849315  | +11.75    |
| 2022A1PS1316P | 528          | 9.76027397260274   | -80.75    |
| 2022A1PS1322P | 330          | 44.00684931506849  | -12.25    |
| 2022A1PS1325P | 554          | 5.308219178082192  | -97.25    |
| 2022A1PS1327P | 500          | 14.726027397260273 | -68.25    |
| 2022A1PS1328P | 108          | 82.1917808219178   | +63.75    |
| 2022A1PS1330P | 542          | 7.705479452054794  | -85.25    |
| 2022A1PS1332P | 461          | 21.232876712328768 | -57.75    |
| 2022A1PS1339P | 389          | 33.56164383561644  | -31.75    |
| 2022A1PS1340P | 194          | 67.2945205479452   | +29.75    |
| 2022A1PS1342P | 531          | 9.58904109589041   | -81.25    |
| 2022A1PS1343P | 539          | 7.876712328767123  | -83.75    |
| 2022A1PS1351P | 531          | 9.58904109589041   | -81.25    |
| 2022A1PS1353P | 516          | 11.986301369863012 | -73.25    |
| 2022A1PS1354P | 378          | 35.445205479452056 | -27.75    |
| 2022A1PS1356P | 416          | 29.109589041095887 | -44.25    |
| 2022A1PS1360P | 308          | 47.773972602739725 | -6.25     |
| 2022A4PS1365P | 547          | 6.506849315068493  | -89.25    |
| 2022A8PS1560P | 170          | 71.57534246575342  | +34.75    |
| 2022A4PS1562P | 405          | 30.993150684931503 | -37.25    |
| 2022A4PS1563P | 410          | 30.136986301369863 | -41.25    |
| 2022A1PS1565P | 450          | 23.28767123287671  | -54.25    |
| 2022A1PS1567P | 576          | 1.5410958904109588 | -112.25   |
| 2022A1PS1568P | 256          | 56.50684931506849  | +9.75     |
| 2022A1PS1571P | 488          | 16.78082191780822  | -64.25    |
| 2022A1PS1572P | 470          | 19.863013698630137 | -59.25    |
| 2022A1PS1573P | 414          | 29.28082191780822  | -43.25    |
| 2022A1PS1576P | 300          | 49.14383561643835  | -3.25     |
| 2022A1PS1578P | 349          | 40.582191780821915 | -18.25    |
| 2022A1PS1595P | 374          | 36.47260273972603  | -27.25    |
| 2022A1PS1596P | 354          | 39.8972602739726   | -20.25    |
| 2022A1PS1597P | 548          | 6.335616438356164  | -90.25    |
| 2022A1PS1598P | 583          | 0.5136986301369862 | -116.25   |
| 2022A1PS1610P | 374          | 36.47260273972603  | -27.25    |
| 2022A1PS1615P | 479          | 18.493150684931507 | -62.25    |
| 2022A1PS1631P | 580          | 1.0273972602739725 | -114.25   |
| 2022A1PS1666P | 354          | 39.8972602739726   | -20.25    |
| 2022A1PS1667P | 429          | 27.397260273972602 | -47.25    |
| 2022A1PS1668P | 429          | 27.397260273972602 | -47.25    |
| 2022A1PS1695P | 95           | 84.07534246575342  | +67.75    |
| 2022A8PS1719P | 287          | 51.198630136986296 | +0.75     |
| 2022A8PS1720P | 336          | 42.97945205479452  | -13.25    |
| 2022A1PS1729P | 346          | 40.92465753424657  | -17.25    |
| 2022A1PS1730P | 583          | 0.5136986301369862 | -116.25   |
| 2022A8PS1731P | 370          | 37.15753424657534  | -26.25    |
| 2022A8PS1732P | 133          | 77.39726027397259  | +47.75    |
| 2022A7PS1733P | 338          | 42.294520547945204 | -14.25    |
| 2022A3PS1734P | 240          | 59.24657534246575  | +15.75    |
| 2020B5PS2011P | 542          | 7.705479452054794  | -85.25    |
| 2021D2TS2075P | 575          | 1.7123287671232876 | -110.25   |
+---------------+--------------+--------------------+-----------+