+------+--------------+--------------------+-----------+
| ID   | Rank (592)   | Percentile         | Av Plus   |
|------+--------------+--------------------+-----------|
| 0001 | 230          | 61.6554054054054   | +15.84    |
| 0003 | 394          | 33.78378378378378  | -25.16    |
| 0004 | 256          | 57.0945945945946   | +8.84     |
| 0005 | 381          | 35.979729729729726 | -22.16    |
| 0006 | 384          | 35.472972972972975 | -23.16    |
| 0007 | 371          | 37.83783783783784  | -19.16    |
| 0008 | 146          | 75.67567567567568  | +39.84    |
| 0009 | 21           | 96.62162162162161  | +97.84    |
| 0010 | 464          | 22.12837837837838  | -46.16    |
| 0011 | 390          | 34.7972972972973   | -24.16    |
| 0012 | 202          | 66.21621621621621  | +22.84    |
| 0013 | 134          | 77.87162162162161  | +42.84    |
| 0014 | 390          | 34.7972972972973   | -24.16    |
| 0015 | 414          | 30.405405405405403 | -30.16    |
| 0016 | 148          | 75.16891891891892  | +38.84    |
| 0017 | 100          | 83.27702702702703  | +54.84    |
| 0019 | 536          | 9.797297297297296  | -74.16    |
| 0020 | 512          | 13.682432432432432 | -65.16    |
| 0021 | 469          | 21.114864864864863 | -48.16    |
| 0022 | 496          | 16.554054054054053 | -59.16    |
| 0023 | 504          | 15.033783783783784 | -63.16    |
| 0025 | 107          | 82.43243243243244  | +51.84    |
| 0026 | 508          | 14.695945945945946 | -64.16    |
| 0027 | 574          | 3.209459459459459  | -93.16    |
| 0028 | 508          | 14.695945945945946 | -64.16    |
| 0031 | 530          | 10.97972972972973  | -70.16    |
| 0033 | 464          | 22.12837837837838  | -46.16    |
| 0034 | 414          | 30.405405405405403 | -30.16    |
| 0035 | 416          | 29.89864864864865  | -31.16    |
| 0036 | 202          | 66.21621621621621  | +22.84    |
| 0037 | 454          | 23.81756756756757  | -43.16    |
| 0038 | 140          | 77.19594594594595  | +41.84    |
| 0041 | 478          | 19.594594594594593 | -52.16    |
| 0042 | 410          | 31.08108108108108  | -29.16    |
| 0044 | 518          | 12.837837837837837 | -67.16    |
| 0045 | 1            | 100.0              | +181.84   |
| 0047 | 96           | 84.12162162162161  | +56.84    |
| 0049 | 30           | 95.27027027027027  | +90.84    |
| 0051 | 588          | 1.3513513513513513 | -101.16   |
| 0052 | 62           | 89.86486486486486  | +70.84    |
| 0053 | 552          | 7.094594594594595  | -80.16    |
| 0054 | 557          | 6.081081081081081  | -83.16    |
| 0055 | 24           | 96.28378378378378  | +94.84    |
| 0056 | 12           | 98.14189189189189  | +107.84   |
| 0057 | 220          | 63.34459459459459  | +17.84    |
| 0058 | 588          | 1.3513513513513513 | -101.16   |
| 0063 | 588          | 1.3513513513513513 | -101.16   |
| 0065 | 376          | 36.99324324324324  | -20.16    |
| 0066 | 562          | 5.574324324324325  | -86.16    |
| 0067 | 574          | 3.209459459459459  | -93.16    |
| 0068 | 488          | 18.074324324324323 | -56.16    |
| 0069 | 525          | 11.824324324324325 | -69.16    |
| 0070 | 24           | 96.28378378378378  | +94.84    |
| 0073 | 520          | 12.5               | -68.16    |
| 0074 | 220          | 63.34459459459459  | +17.84    |
| 0075 | 296          | 50.67567567567568  | -2.16     |
| 0076 | 534          | 10.135135135135135 | -73.16    |
| 0077 | 588          | 1.3513513513513513 | -101.16   |
| 0078 | 27           | 95.77702702702702  | +91.84    |
| 0079 | 441          | 26.013513513513512 | -40.16    |
| 0080 | 110          | 81.58783783783784  | +50.84    |
| 0081 | 45           | 92.73648648648648  | +80.84    |
| 0082 | 130          | 78.54729729729729  | +43.84    |
| 0083 | 8            | 98.98648648648648  | +116.84   |
| 0084 | 10           | 98.47972972972973  | +108.84   |
| 0085 | 426          | 28.716216216216214 | -34.16    |
| 0086 | 24           | 96.28378378378378  | +94.84    |
| 0087 | 40           | 93.41216216216216  | +84.84    |
| 0088 | 198          | 67.22972972972973  | +23.84    |
| 0089 | 20           | 96.79054054054053  | +98.84    |
| 0091 | 42           | 93.07432432432432  | +83.84    |
| 0092 | 588          | 1.3513513513513513 | -101.16   |
| 0093 | 22           | 96.4527027027027   | +96.84    |
| 0094 | 70           | 88.51351351351352  | +66.84    |
| 0096 | 37           | 94.08783783783784  | +86.84    |
| 0097 | 33           | 94.76351351351352  | +88.84    |
| 0098 | 158          | 73.64864864864865  | +35.84    |
| 0100 | 192          | 67.9054054054054   | +24.84    |
| 0102 | 354          | 40.54054054054054  | -15.16    |
| 0103 | 198          | 67.22972972972973  | +23.84    |
| 0105 | 520          | 12.5               | -68.16    |
| 0106 | 571          | 3.885135135135135  | -91.16    |
| 0107 | 458          | 22.972972972972972 | -44.16    |
| 0109 | 568          | 4.391891891891892  | -88.16    |
| 0110 | 314          | 47.46621621621622  | -5.16     |
| 0111 | 76           | 87.33108108108108  | +62.84    |
| 0113 | 3            | 99.66216216216216  | +132.84   |
| 0114 | 536          | 9.797297297297296  | -74.16    |
| 0115 | 33           | 94.76351351351352  | +88.84    |
| 0116 | 287          | 51.858108108108105 | +0.84     |
| 0118 | 19           | 96.95945945945945  | +101.84   |
| 0119 | 92           | 84.96621621621621  | +57.84    |
| 0120 | 400          | 32.60135135135135  | -27.16    |
| 0121 | 566          | 4.72972972972973   | -87.16    |
| 0123 | 336          | 43.41216216216216  | -10.16    |
| 0124 | 8            | 98.98648648648648  | +116.84   |
| 0125 | 342          | 42.567567567567565 | -12.16    |
| 0126 | 164          | 72.63513513513513  | +33.84    |
| 0128 | 282          | 52.87162162162162  | +2.84     |
| 0130 | 543          | 8.614864864864865  | -77.16    |
| 0131 | 583          | 1.689189189189189  | -98.16    |
| 0132 | 18           | 97.12837837837837  | +102.84   |
| 0133 | 107          | 82.43243243243244  | +51.84    |
| 0134 | 72           | 88.00675675675676  | +65.84    |
| 0135 | 562          | 5.574324324324325  | -86.16    |
| 0136 | 496          | 16.554054054054053 | -59.16    |
| 0137 | 184          | 69.42567567567568  | +28.84    |
| 0138 | 54           | 91.21621621621621  | +75.84    |
| 0140 | 16           | 97.63513513513513  | +103.84   |
| 0141 | 60           | 90.2027027027027   | +71.84    |
| 0142 | 230          | 61.6554054054054   | +15.84    |
| 0143 | 488          | 18.074324324324323 | -56.16    |
| 0144 | 35           | 94.25675675675676  | +87.84    |
| 0145 | 2            | 99.83108108108108  | +149.84   |
| 0146 | 252          | 57.939189189189186 | +9.84     |
| 0147 | 10           | 98.47972972972973  | +108.84   |
| 0148 | 500          | 15.878378378378377 | -61.16    |
| 0150 | 70           | 88.51351351351352  | +66.84    |
| 0152 | 37           | 94.08783783783784  | +86.84    |
| 0153 | 60           | 90.2027027027027   | +71.84    |
| 0154 | 158          | 73.64864864864865  | +35.84    |
| 0155 | 500          | 15.878378378378377 | -61.16    |
| 0156 | 107          | 82.43243243243244  | +51.84    |
| 0157 | 405          | 32.263513513513516 | -28.16    |
| 0158 | 49           | 92.0608108108108   | +78.84    |
| 0159 | 130          | 78.54729729729729  | +43.84    |
| 0160 | 49           | 92.0608108108108   | +78.84    |
| 0164 | 58           | 90.37162162162161  | +72.84    |
| 0165 | 27           | 95.77702702702702  | +91.84    |
| 0166 | 127          | 78.71621621621621  | +44.84    |
| 0168 | 52           | 91.55405405405405  | +76.84    |
| 0169 | 54           | 91.21621621621621  | +75.84    |
| 0170 | 237          | 60.64189189189189  | +13.84    |
| 0171 | 314          | 47.46621621621622  | -5.16     |
| 0172 | 45           | 92.73648648648648  | +80.84    |
| 0173 | 47           | 92.22972972972973  | +79.84    |
| 0174 | 13           | 97.97297297297297  | +106.84   |
| 0175 | 56           | 90.87837837837837  | +73.84    |
| 0177 | 65           | 89.1891891891892   | +68.84    |
| 0178 | 6            | 99.1554054054054   | +121.84   |
| 0180 | 151          | 74.83108108108108  | +37.84    |
| 0182 | 518          | 12.837837837837837 | -67.16    |
| 0183 | 123          | 79.89864864864865  | +45.84    |
| 0184 | 472          | 20.60810810810811  | -50.16    |
| 0185 | 552          | 7.094594594594595  | -80.16    |
| 0187 | 49           | 92.0608108108108   | +78.84    |
| 0189 | 569          | 4.054054054054054  | -90.16    |
| 0190 | 472          | 20.60810810810811  | -50.16    |
| 0194 | 464          | 22.12837837837838  | -46.16    |
| 0195 | 117          | 80.74324324324324  | +46.84    |
| 0198 | 52           | 91.55405405405405  | +76.84    |
| 0203 | 27           | 95.77702702702702  | +91.84    |
| 0204 | 64           | 89.52702702702703  | +69.84    |
| 0207 | 79           | 86.99324324324324  | +61.84    |
| 0209 | 432          | 27.364864864864863 | -38.16    |
| 0210 | 117          | 80.74324324324324  | +46.84    |
| 0211 | 536          | 9.797297297297296  | -74.16    |
| 0214 | 56           | 90.87837837837837  | +73.84    |
| 0215 | 296          | 50.67567567567568  | -2.16     |
| 0216 | 214          | 64.1891891891892   | +19.84    |
| 0217 | 419          | 29.56081081081081  | -32.16    |
| 0218 | 350          | 41.38513513513514  | -14.16    |
| 0219 | 140          | 77.19594594594595  | +41.84    |
| 0221 | 454          | 23.81756756756757  | -43.16    |
| 0222 | 30           | 95.27027027027027  | +90.84    |
| 0223 | 581          | 2.027027027027027  | -96.16    |
| 0226 | 102          | 82.9391891891892   | +53.84    |
| 0230 | 588          | 1.3513513513513513 | -101.16   |
| 0231 | 74           | 87.83783783783784  | +64.84    |
| 0232 | 67           | 89.02027027027027  | +67.84    |
| 0234 | 192          | 67.9054054054054   | +24.84    |
| 0235 | 448          | 25.0               | -42.16    |
| 0240 | 64           | 89.52702702702703  | +69.84    |
| 0241 | 82           | 86.48648648648648  | +60.84    |
| 0243 | 220          | 63.34459459459459  | +17.84    |
| 0244 | 79           | 86.99324324324324  | +61.84    |
| 0247 | 134          | 77.87162162162161  | +42.84    |
| 0248 | 14           | 97.80405405405405  | +104.84   |
| 0249 | 274          | 54.22297297297297  | +4.84     |
| 0250 | 550          | 7.263513513513513  | -79.16    |
| 0251 | 371          | 37.83783783783784  | -19.16    |
| 0252 | 492          | 17.39864864864865  | -57.16    |
| 0253 | 5            | 99.32432432432432  | +122.84   |
| 0254 | 405          | 32.263513513513516 | -28.16    |
| 0255 | 552          | 7.094594594594595  | -80.16    |
| 0256 | 246          | 58.61486486486486  | +11.84    |
| 0257 | 422          | 29.054054054054053 | -33.16    |
| 0258 | 282          | 52.87162162162162  | +2.84     |
| 0260 | 16           | 97.63513513513513  | +103.84   |
| 0264 | 256          | 57.0945945945946   | +8.84     |
| 0265 | 117          | 80.74324324324324  | +46.84    |
| 0266 | 39           | 93.58108108108108  | +85.84    |
| 0268 | 96           | 84.12162162162161  | +56.84    |
| 0282 | 123          | 79.89864864864865  | +45.84    |
| 0292 | 206          | 65.87837837837837  | +21.84    |
| 0300 | 410          | 31.08108108108108  | -29.16    |
| 0305 | 74           | 87.83783783783784  | +64.84    |
| 0311 | 86           | 85.97972972972973  | +59.84    |
| 0313 | 123          | 79.89864864864865  | +45.84    |
| 0314 | 282          | 52.87162162162162  | +2.84     |
| 0318 | 324          | 45.777027027027025 | -7.16     |
| 0321 | 148          | 75.16891891891892  | +38.84    |
| 0322 | 532          | 10.304054054054054 | -72.16    |
| 0323 | 42           | 93.07432432432432  | +83.84    |
| 0326 | 237          | 60.64189189189189  | +13.84    |
| 0327 | 177          | 70.4391891891892   | +30.84    |
| 0329 | 172          | 71.62162162162161  | +31.84    |
| 0331 | 278          | 53.37837837837838  | +3.84     |
| 0339 | 483          | 18.91891891891892  | -55.16    |
| 0344 | 274          | 54.22297297297297  | +4.84     |
| 0347 | 502          | 15.371621621621621 | -62.16    |
| 0355 | 287          | 51.858108108108105 | +0.84     |
| 0357 | 328          | 45.10135135135135  | -8.16     |
| 0358 | 225          | 62.5               | +16.84    |
| 0360 | 198          | 67.22972972972973  | +23.84    |
| 0363 | 274          | 54.22297297297297  | +4.84     |
| 0364 | 376          | 36.99324324324324  | -20.16    |
| 0366 | 270          | 54.56081081081081  | +5.84     |
| 0369 | 86           | 85.97972972972973  | +59.84    |
| 0372 | 123          | 79.89864864864865  | +45.84    |
| 0375 | 394          | 33.78378378378378  | -25.16    |
| 0376 | 284          | 52.195945945945944 | +1.84     |
| 0377 | 448          | 25.0               | -42.16    |
| 0378 | 360          | 39.86486486486486  | -16.16    |
| 0380 | 398          | 33.108108108108105 | -26.16    |
| 0381 | 578          | 2.8716216216216215 | -94.16    |
| 0384 | 184          | 69.42567567567568  | +28.84    |
| 0387 | 198          | 67.22972972972973  | +23.84    |
| 0389 | 172          | 71.62162162162161  | +31.84    |
| 0392 | 92           | 84.96621621621621  | +57.84    |
| 0394 | 436          | 27.027027027027025 | -39.16    |
| 0397 | 70           | 88.51351351351352  | +66.84    |
| 0399 | 376          | 36.99324324324324  | -20.16    |
| 0402 | 232          | 60.979729729729726 | +14.84    |
| 0403 | 573          | 3.378378378378378  | -92.16    |
| 0405 | 161          | 73.14189189189189  | +34.84    |
| 0406 | 305          | 49.32432432432432  | -3.16     |
| 0408 | 154          | 74.32432432432432  | +36.84    |
| 0410 | 262          | 56.58783783783784  | +7.84     |
| 0412 | 365          | 38.85135135135135  | -17.16    |
| 0418 | 40           | 93.41216216216216  | +84.84    |
| 0419 | 146          | 75.67567567567568  | +39.84    |
| 0420 | 192          | 67.9054054054054   | +24.84    |
| 0422 | 405          | 32.263513513513516 | -28.16    |
| 0424 | 346          | 41.89189189189189  | -13.16    |
| 0425 | 243          | 59.45945945945946  | +12.84    |
| 0427 | 422          | 29.054054054054053 | -33.16    |
| 0429 | 114          | 81.08108108108108  | +48.84    |
| 0430 | 154          | 74.32432432432432  | +36.84    |
| 0431 | 305          | 49.32432432432432  | -3.16     |
| 0437 | 508          | 14.695945945945946 | -64.16    |
| 0441 | 360          | 39.86486486486486  | -16.16    |
| 0444 | 483          | 18.91891891891892  | -55.16    |
| 0445 | 492          | 17.39864864864865  | -57.16    |
| 0447 | 237          | 60.64189189189189  | +13.84    |
| 0448 | 206          | 65.87837837837837  | +21.84    |
| 0449 | 268          | 55.236486486486484 | +6.84     |
| 0450 | 334          | 44.08783783783784  | -9.16     |
| 0451 | 96           | 84.12162162162161  | +56.84    |
| 0454 | 268          | 55.236486486486484 | +6.84     |
| 0455 | 117          | 80.74324324324324  | +46.84    |
| 0456 | 206          | 65.87837837837837  | +21.84    |
| 0457 | 410          | 31.08108108108108  | -29.16    |
| 0458 | 164          | 72.63513513513513  | +33.84    |
| 0462 | 67           | 89.02027027027027  | +67.84    |
| 0465 | 107          | 82.43243243243244  | +51.84    |
| 0466 | 151          | 74.83108108108108  | +37.84    |
| 0467 | 530          | 10.97972972972973  | -70.16    |
| 0471 | 67           | 89.02027027027027  | +67.84    |
| 0473 | 334          | 44.08783783783784  | -9.16     |
| 0475 | 237          | 60.64189189189189  | +13.84    |
| 0476 | 328          | 45.10135135135135  | -8.16     |
| 0478 | 198          | 67.22972972972973  | +23.84    |
| 0479 | 246          | 58.61486486486486  | +11.84    |
| 0481 | 384          | 35.472972972972975 | -23.16    |
| 0483 | 86           | 85.97972972972973  | +59.84    |
| 0484 | 292          | 51.01351351351351  | -1.16     |
| 0485 | 305          | 49.32432432432432  | -3.16     |
| 0490 | 190          | 68.07432432432432  | +25.84    |
| 0492 | 220          | 63.34459459459459  | +17.84    |
| 0493 | 305          | 49.32432432432432  | -3.16     |
| 0498 | 99           | 83.44594594594594  | +55.84    |
| 0500 | 520          | 12.5               | -68.16    |
| 0502 | 214          | 64.1891891891892   | +19.84    |
| 0503 | 144          | 75.8445945945946   | +40.84    |
| 0507 | 360          | 39.86486486486486  | -16.16    |
| 0508 | 86           | 85.97972972972973  | +59.84    |
| 0510 | 578          | 2.8716216216216215 | -94.16    |
| 0511 | 582          | 1.8581081081081081 | -97.16    |
| 0515 | 214          | 64.1891891891892   | +19.84    |
| 0523 | 92           | 84.96621621621621  | +57.84    |
| 0526 | 350          | 41.38513513513514  | -14.16    |
| 0528 | 206          | 65.87837837837837  | +21.84    |
| 0530 | 480          | 19.256756756756758 | -54.16    |
| 0538 | 296          | 50.67567567567568  | -2.16     |
| 0539 | 305          | 49.32432432432432  | -3.16     |
| 0540 | 520          | 12.5               | -68.16    |
| 0543 | 426          | 28.716216216216214 | -34.16    |
| 0545 | 566          | 4.72972972972973   | -87.16    |
| 0546 | 492          | 17.39864864864865  | -57.16    |
| 0556 | 82           | 86.48648648648648  | +60.84    |
| 0557 | 371          | 37.83783783783784  | -19.16    |
| 0558 | 130          | 78.54729729729729  | +43.84    |
| 0561 | 140          | 77.19594594594595  | +41.84    |
| 0564 | 188          | 68.58108108108108  | +27.84    |
| 0566 | 328          | 45.10135135135135  | -8.16     |
| 0567 | 210          | 64.86486486486487  | +20.84    |
| 0570 | 216          | 63.68243243243243  | +18.84    |
| 0572 | 448          | 25.0               | -42.16    |
| 0578 | 262          | 56.58783783783784  | +7.84     |
| 0583 | 338          | 43.24324324324324  | -11.16    |
| 0586 | 220          | 63.34459459459459  | +17.84    |
| 0587 | 305          | 49.32432432432432  | -3.16     |
| 0589 | 82           | 86.48648648648648  | +60.84    |
| 0590 | 252          | 57.939189189189186 | +9.84     |
| 0591 | 441          | 26.013513513513512 | -40.16    |
| 0593 | 376          | 36.99324324324324  | -20.16    |
| 0595 | 243          | 59.45945945945946  | +12.84    |
| 0599 | 426          | 28.716216216216214 | -34.16    |
| 0610 | 571          | 3.885135135135135  | -91.16    |
| 0611 | 37           | 94.08783783783784  | +86.84    |
| 0615 | 483          | 18.91891891891892  | -55.16    |
| 0617 | 405          | 32.263513513513516 | -28.16    |
| 0619 | 134          | 77.87162162162161  | +42.84    |
| 0620 | 154          | 74.32432432432432  | +36.84    |
| 0622 | 305          | 49.32432432432432  | -3.16     |
| 0624 | 256          | 57.0945945945946   | +8.84     |
| 0626 | 350          | 41.38513513513514  | -14.16    |
| 0634 | 448          | 25.0               | -42.16    |
| 0640 | 320          | 46.4527027027027   | -6.16     |
| 0643 | 262          | 56.58783783783784  | +7.84     |
| 0649 | 262          | 56.58783783783784  | +7.84     |
| 0651 | 365          | 38.85135135135135  | -17.16    |
| 0660 | 414          | 30.405405405405403 | -30.16    |
| 0661 | 547          | 8.108108108108109  | -78.16    |
| 0669 | 436          | 27.027027027027025 | -39.16    |
| 0673 | 151          | 74.83108108108108  | +37.84    |
| 0675 | 314          | 47.46621621621622  | -5.16     |
| 0676 | 530          | 10.97972972972973  | -70.16    |
| 0680 | 475          | 20.10135135135135  | -51.16    |
| 0684 | 248          | 58.277027027027025 | +10.84    |
| 0689 | 368          | 38.00675675675676  | -18.16    |
| 0694 | 172          | 71.62162162162161  | +31.84    |
| 0697 | 180          | 69.93243243243244  | +29.84    |
| 0702 | 515          | 13.344594594594595 | -66.16    |
| 0703 | 225          | 62.5               | +16.84    |
| 0708 | 492          | 17.39864864864865  | -57.16    |
| 0714 | 419          | 29.56081081081081  | -32.16    |
| 0716 | 466          | 21.4527027027027   | -47.16    |
| 0719 | 237          | 60.64189189189189  | +13.84    |
| 0723 | 466          | 21.4527027027027   | -47.16    |
| 0725 | 547          | 8.108108108108109  | -78.16    |
| 0738 | 180          | 69.93243243243244  | +29.84    |
| 0742 | 338          | 43.24324324324324  | -11.16    |
| 0747 | 100          | 83.27702702702703  | +54.84    |
| 0748 | 172          | 71.62162162162161  | +31.84    |
| 0749 | 469          | 21.114864864864863 | -48.16    |
| 0774 | 225          | 62.5               | +16.84    |
| 0781 | 305          | 49.32432432432432  | -3.16     |
| 0782 | 287          | 51.858108108108105 | +0.84     |
| 0784 | 508          | 14.695945945945946 | -64.16    |
| 0792 | 328          | 45.10135135135135  | -8.16     |
| 0795 | 543          | 8.614864864864865  | -77.16    |
| 0798 | 146          | 75.67567567567568  | +39.84    |
| 0806 | 210          | 64.86486486486487  | +20.84    |
| 0808 | 342          | 42.567567567567565 | -12.16    |
| 0820 | 296          | 50.67567567567568  | -2.16     |
| 0824 | 296          | 50.67567567567568  | -2.16     |
| 0827 | 432          | 27.364864864864863 | -38.16    |
| 0831 | 346          | 41.89189189189189  | -13.16    |
| 0832 | 320          | 46.4527027027027   | -6.16     |
| 0841 | 350          | 41.38513513513514  | -14.16    |
| 0843 | 158          | 73.64864864864865  | +35.84    |
| 0855 | 430          | 27.7027027027027   | -36.16    |
| 0868 | 225          | 62.5               | +16.84    |
| 0871 | 555          | 6.587837837837838  | -82.16    |
| 0883 | 444          | 25.16891891891892  | -41.16    |
| 0895 | 525          | 11.824324324324325 | -69.16    |
| 0896 | 472          | 20.60810810810811  | -50.16    |
| 0897 | 436          | 27.027027027027025 | -39.16    |
| 0899 | 177          | 70.4391891891892   | +30.84    |
| 0900 | 515          | 13.344594594594595 | -66.16    |
| 0902 | 394          | 33.78378378378378  | -25.16    |
| 0903 | 320          | 46.4527027027027   | -6.16     |
| 0911 | 502          | 15.371621621621621 | -62.16    |
| 0915 | 508          | 14.695945945945946 | -64.16    |
| 0919 | 184          | 69.42567567567568  | +28.84    |
| 0921 | 419          | 29.56081081081081  | -32.16    |
| 0924 | 342          | 42.567567567567565 | -12.16    |
| 0925 | 538          | 9.29054054054054   | -75.16    |
| 0926 | 140          | 77.19594594594595  | +41.84    |
| 0938 | 206          | 65.87837837837837  | +21.84    |
| 0941 | 232          | 60.979729729729726 | +14.84    |
| 0942 | 390          | 34.7972972972973   | -24.16    |
| 0945 | 530          | 10.97972972972973  | -70.16    |
| 0946 | 515          | 13.344594594594595 | -66.16    |
| 0947 | 188          | 68.58108108108108  | +27.84    |
| 0948 | 458          | 22.972972972972972 | -44.16    |
| 0953 | 394          | 33.78378378378378  | -25.16    |
| 0955 | 334          | 44.08783783783784  | -9.16     |
| 0957 | 525          | 11.824324324324325 | -69.16    |
| 0959 | 338          | 43.24324324324324  | -11.16    |
| 0962 | 504          | 15.033783783783784 | -63.16    |
| 0965 | 378          | 36.317567567567565 | -21.16    |
| 0969 | 237          | 60.64189189189189  | +13.84    |
| 0973 | 243          | 59.45945945945946  | +12.84    |
| 0975 | 475          | 20.10135135135135  | -51.16    |
| 0982 | 448          | 25.0               | -42.16    |
| 0984 | 488          | 18.074324324324323 | -56.16    |
| 0992 | 296          | 50.67567567567568  | -2.16     |
| 1001 | 338          | 43.24324324324324  | -11.16    |
| 1022 | 284          | 52.195945945945944 | +1.84     |
| 1040 | 483          | 18.91891891891892  | -55.16    |
| 1043 | 454          | 23.81756756756757  | -43.16    |
| 1056 | 405          | 32.263513513513516 | -28.16    |
| 1057 | 540          | 8.952702702702702  | -76.16    |
| 1069 | 512          | 13.682432432432432 | -65.16    |
| 1075 | 161          | 73.14189189189189  | +34.84    |
| 1099 | 252          | 57.939189189189186 | +9.84     |
| 1104 | 161          | 73.14189189189189  | +34.84    |
| 1115 | 508          | 14.695945945945946 | -64.16    |
| 1126 | 405          | 32.263513513513516 | -28.16    |
| 1134 | 296          | 50.67567567567568  | -2.16     |
| 1149 | 381          | 35.979729729729726 | -22.16    |
| 1162 | 480          | 19.256756756756758 | -54.16    |
| 1168 | 458          | 22.972972972972972 | -44.16    |
| 1170 | 102          | 82.9391891891892   | +53.84    |
| 1171 | 123          | 79.89864864864865  | +45.84    |
| 1172 | 562          | 5.574324324324325  | -86.16    |
| 1173 | 225          | 62.5               | +16.84    |
| 1174 | 96           | 84.12162162162161  | +56.84    |
| 1175 | 9            | 98.64864864864865  | +112.84   |
| 1176 | 30           | 95.27027027027027  | +90.84    |
| 1177 | 167          | 72.12837837837837  | +32.84    |
| 1178 | 430          | 27.7027027027027   | -36.16    |
| 1179 | 547          | 8.108108108108109  | -78.16    |
| 1180 | 198          | 67.22972972972973  | +23.84    |
| 1181 | 310          | 47.804054054054056 | -4.16     |
| 1182 | 4            | 99.49324324324324  | +129.84   |
| 1183 | 547          | 8.108108108108109  | -78.16    |
| 1184 | 483          | 18.91891891891892  | -55.16    |
| 1186 | 33           | 94.76351351351352  | +88.84    |
| 1187 | 117          | 80.74324324324324  | +46.84    |
| 1188 | 16           | 97.63513513513513  | +103.84   |
| 1189 | 76           | 87.33108108108108  | +62.84    |
| 1191 | 243          | 59.45945945945946  | +12.84    |
| 1192 | 123          | 79.89864864864865  | +45.84    |
| 1194 | 45           | 92.73648648648648  | +80.84    |
| 1195 | 314          | 47.46621621621622  | -5.16     |
| 1196 | 180          | 69.93243243243244  | +29.84    |
| 1197 | 441          | 26.013513513513512 | -40.16    |
| 1198 | 62           | 89.86486486486486  | +70.84    |
| 1199 | 478          | 19.594594594594593 | -52.16    |
| 1200 | 56           | 90.87837837837837  | +73.84    |
| 1203 | 290          | 51.35135135135135  | -0.16     |
| 1204 | 130          | 78.54729729729729  | +43.84    |
| 1205 | 188          | 68.58108108108108  | +27.84    |
| 1206 | 314          | 47.46621621621622  | -5.16     |
| 1207 | 112          | 81.41891891891892  | +49.84    |
| 1208 | 384          | 35.472972972972975 | -23.16    |
| 1209 | 384          | 35.472972972972975 | -23.16    |
| 1210 | 292          | 51.01351351351351  | -1.16     |
| 1211 | 262          | 56.58783783783784  | +7.84     |
| 1212 | 88           | 85.30405405405405  | +58.84    |
| 1213 | 454          | 23.81756756756757  | -43.16    |
| 1214 | 177          | 70.4391891891892   | +30.84    |
| 1215 | 154          | 74.32432432432432  | +36.84    |
| 1216 | 134          | 77.87162162162161  | +42.84    |
| 1217 | 398          | 33.108108108108105 | -26.16    |
| 1218 | 252          | 57.939189189189186 | +9.84     |
| 1219 | 436          | 27.027027027027025 | -39.16    |
| 1220 | 92           | 84.96621621621621  | +57.84    |
| 1221 | 74           | 87.83783783783784  | +64.84    |
| 1222 | 248          | 58.277027027027025 | +10.84    |
| 1223 | 350          | 41.38513513513514  | -14.16    |
| 1224 | 252          | 57.939189189189186 | +9.84     |
| 1225 | 140          | 77.19594594594595  | +41.84    |
| 1226 | 274          | 54.22297297297297  | +4.84     |
| 1227 | 354          | 40.54054054054054  | -15.16    |
| 1228 | 167          | 72.12837837837837  | +32.84    |
| 1229 | 172          | 71.62162162162161  | +31.84    |
| 1230 | 92           | 84.96621621621621  | +57.84    |
| 1231 | 243          | 59.45945945945946  | +12.84    |
| 1232 | 436          | 27.027027027027025 | -39.16    |
| 1233 | 206          | 65.87837837837837  | +21.84    |
| 1234 | 140          | 77.19594594594595  | +41.84    |
| 1235 | 140          | 77.19594594594595  | +41.84    |
| 1236 | 230          | 61.6554054054054   | +15.84    |
| 1238 | 79           | 86.99324324324324  | +61.84    |
| 1239 | 268          | 55.236486486486484 | +6.84     |
| 1240 | 278          | 53.37837837837838  | +3.84     |
| 1241 | 172          | 71.62162162162161  | +31.84    |
| 1243 | 334          | 44.08783783783784  | -9.16     |
| 1244 | 123          | 79.89864864864865  | +45.84    |
| 1245 | 365          | 38.85135135135135  | -17.16    |
| 1246 | 167          | 72.12837837837837  | +32.84    |
| 1248 | 237          | 60.64189189189189  | +13.84    |
| 1249 | 320          | 46.4527027027027   | -6.16     |
| 1250 | 568          | 4.391891891891892  | -88.16    |
| 1252 | 107          | 82.43243243243244  | +51.84    |
| 1253 | 559          | 5.743243243243243  | -85.16    |
| 1254 | 381          | 35.979729729729726 | -22.16    |
| 1255 | 268          | 55.236486486486484 | +6.84     |
| 1256 | 230          | 61.6554054054054   | +15.84    |
| 1258 | 184          | 69.42567567567568  | +28.84    |
| 1260 | 164          | 72.63513513513513  | +33.84    |
| 1261 | 210          | 64.86486486486487  | +20.84    |
| 1262 | 172          | 71.62162162162161  | +31.84    |
| 1263 | 112          | 81.41891891891892  | +49.84    |
| 1264 | 324          | 45.777027027027025 | -7.16     |
| 1265 | 360          | 39.86486486486486  | -16.16    |
| 1267 | 262          | 56.58783783783784  | +7.84     |
| 1270 | 410          | 31.08108108108108  | -29.16    |
| 1272 | 296          | 50.67567567567568  | -2.16     |
| 1273 | 464          | 22.12837837837838  | -46.16    |
| 1274 | 441          | 26.013513513513512 | -40.16    |
| 1275 | 270          | 54.56081081081081  | +5.84     |
| 1276 | 328          | 45.10135135135135  | -8.16     |
| 1277 | 390          | 34.7972972972973   | -24.16    |
| 1278 | 114          | 81.08108108108108  | +48.84    |
| 1279 | 426          | 28.716216216216214 | -34.16    |
| 1281 | 360          | 39.86486486486486  | -16.16    |
| 1283 | 378          | 36.317567567567565 | -21.16    |
| 1284 | 365          | 38.85135135135135  | -17.16    |
| 1287 | 274          | 54.22297297297297  | +4.84     |
| 1289 | 282          | 52.87162162162162  | +2.84     |
| 1291 | 305          | 49.32432432432432  | -3.16     |
| 1292 | 104          | 82.60135135135135  | +52.84    |
| 1293 | 328          | 45.10135135135135  | -8.16     |
| 1294 | 547          | 8.108108108108109  | -78.16    |
| 1295 | 390          | 34.7972972972973   | -24.16    |
| 1296 | 371          | 37.83783783783784  | -19.16    |
| 1301 | 278          | 53.37837837837838  | +3.84     |
| 1306 | 140          | 77.19594594594595  | +41.84    |
| 1307 | 354          | 40.54054054054054  | -15.16    |
| 1311 | 342          | 42.567567567567565 | -12.16    |
| 1316 | 525          | 11.824324324324325 | -69.16    |
| 1322 | 346          | 41.89189189189189  | -13.16    |
| 1325 | 538          | 9.29054054054054   | -75.16    |
| 1327 | 534          | 10.135135135135135 | -73.16    |
| 1328 | 184          | 69.42567567567568  | +28.84    |
| 1330 | 578          | 2.8716216216216215 | -94.16    |
| 1332 | 426          | 28.716216216216214 | -34.16    |
| 1339 | 475          | 20.10135135135135  | -51.16    |
| 1340 | 210          | 64.86486486486487  | +20.84    |
| 1342 | 416          | 29.89864864864865  | -31.16    |
| 1343 | 488          | 18.074324324324323 | -56.16    |
| 1351 | 498          | 16.0472972972973   | -60.16    |
| 1353 | 540          | 8.952702702702702  | -76.16    |
| 1354 | 390          | 34.7972972972973   | -24.16    |
| 1356 | 310          | 47.804054054054056 | -4.16     |
| 1360 | 324          | 45.777027027027025 | -7.16     |
| 1365 | 578          | 2.8716216216216215 | -94.16    |
| 1443 | 558          | 5.912162162162162  | -84.16    |
| 1447 | 562          | 5.574324324324325  | -86.16    |
| 1448 | 500          | 15.878378378378377 | -61.16    |
| 1451 | 543          | 8.614864864864865  | -77.16    |
| 1454 | 562          | 5.574324324324325  | -86.16    |
| 1462 | 525          | 11.824324324324325 | -69.16    |
| 1463 | 571          | 3.885135135135135  | -91.16    |
| 1465 | 584          | 1.5202702702702702 | -99.16    |
| 1560 | 88           | 85.30405405405405  | +58.84    |
| 1562 | 426          | 28.716216216216214 | -34.16    |
| 1563 | 262          | 56.58783783783784  | +7.84     |
| 1565 | 496          | 16.554054054054053 | -59.16    |
| 1567 | 588          | 1.3513513513513513 | -101.16   |
| 1568 | 365          | 38.85135135135135  | -17.16    |
| 1571 | 460          | 22.466216216216214 | -45.16    |
| 1572 | 448          | 25.0               | -42.16    |
| 1573 | 436          | 27.027027027027025 | -39.16    |
| 1576 | 448          | 25.0               | -42.16    |
| 1578 | 405          | 32.263513513513516 | -28.16    |
| 1595 | 469          | 21.114864864864863 | -48.16    |
| 1596 | 290          | 51.35135135135135  | -0.16     |
| 1597 | 492          | 17.39864864864865  | -57.16    |
| 1598 | 555          | 6.587837837837838  | -82.16    |
| 1610 | 360          | 39.86486486486486  | -16.16    |
| 1615 | 454          | 23.81756756756757  | -43.16    |
| 1631 | 555          | 6.587837837837838  | -82.16    |
| 1666 | 262          | 56.58783783783784  | +7.84     |
| 1667 | 460          | 22.466216216216214 | -45.16    |
| 1668 | 400          | 32.60135135135135  | -27.16    |
| 1695 | 398          | 33.108108108108105 | -26.16    |
| 1719 | 441          | 26.013513513513512 | -40.16    |
| 1720 | 371          | 37.83783783783784  | -19.16    |
| 1729 | 314          | 47.46621621621622  | -5.16     |
| 1730 | 578          | 2.8716216216216215 | -94.16    |
| 1731 | 354          | 40.54054054054054  | -15.16    |
| 1732 | 216          | 63.68243243243243  | +18.84    |
| 1733 | 324          | 45.777027027027025 | -7.16     |
| 1734 | 192          | 67.9054054054054   | +24.84    |
| 2011 | 588          | 1.3513513513513513 | -101.16   |
+------+--------------+--------------------+-----------+